0 0.045775 0.029783 0.045775 0.034296
0 0.111796 0.054152 0.044014 0.028881
0 0.155810 0.071300 0.044014 0.045126
0 0.136444 0.487365 0.033451 0.104693
0 0.170775 0.500903 0.028169 0.077617
0 0.124120 0.836643 0.029930 0.055957
0 0.155810 0.836643 0.029930 0.045126
0 0.371479 0.898014 0.105634 0.052347
0 0.508803 0.916968 0.102113 0.054152
0 0.392606 0.532491 0.066901 0.064982
0 0.440141 0.081227 0.031690 0.036101
0 0.430458 0.128159 0.044014 0.057762
0 0.546655 0.105596 0.096831 0.059567
0 0.514965 0.151625 0.072183 0.028881
0 0.402289 0.346570 0.096831 0.039711
0 0.393486 0.423285 0.089789 0.045126
0 0.408451 0.476534 0.031690 0.054152
0 0.552817 0.420578 0.080986 0.039711
0 0.648768 0.302347 0.029930 0.055957
0 0.705986 0.261733 0.052817 0.028881
0 0.683979 0.351986 0.103873 0.043321
0 0.730634 0.458484 0.084507 0.054152
0 0.942782 0.425993 0.044014 0.032491
0 0.893486 0.473827 0.036972 0.052347
0 0.758803 0.529783 0.049296 0.034296
0 0.720951 0.577617 0.044014 0.054152
0 0.970951 0.795126 0.036972 0.099278
0 0.668134 0.935921 0.086268 0.052347
0 0.811620 0.968412 0.056338 0.030686
0 0.896127 0.836643 0.063380 0.034296
0 0.970951 0.901625 0.036972 0.099278
0 0.468310 0.572202 0.021127 0.032491
0 0.539613 0.611913 0.132042 0.046931
0 0.755282 0.790614 0.038732 0.039711
0 0.808099 0.759025 0.056338 0.027076
0 0.780810 0.833935 0.061620 0.028881
0 0.821303 0.896209 0.040493 0.088448
0 0.845951 0.775271 0.022887 0.055957
0 0.852113 0.879964 0.031690 0.037906
0 0.926937 0.759025 0.047535 0.030686
0 0.611796 0.821300 0.029930 0.039711
0 0.836268 0.571300 0.031690 0.019856
0 0.698944 0.623646 0.063380 0.019856
0 0.746479 0.625451 0.031690 0.019856
0 0.893486 0.623646 0.029930 0.019856
0 0.392606 0.589350 0.038732 0.037906
