0 0.081081 0.176641 0.127413 0.075290
0 0.275097 0.164093 0.098456 0.065637
0 0.353282 0.100386 0.050193 0.065637
0 0.414093 0.154440 0.067568 0.065637
0 0.497104 0.061776 0.048263 0.081081
0 0.487452 0.146718 0.052124 0.030888
0 0.570463 0.133205 0.079151 0.054054
0 0.668919 0.083977 0.075290 0.098456
0 0.837838 0.090734 0.069498 0.115830
0 0.202703 0.147683 0.054054 0.032819
0 0.280888 0.318533 0.055985 0.054054
0 0.092664 0.369691 0.092664 0.067568
0 0.227799 0.428571 0.069498 0.111969
0 0.305019 0.408301 0.100386 0.067568
0 0.222008 0.515444 0.065637 0.065637
0 0.267375 0.547297 0.048263 0.059846
0 0.324324 0.487452 0.042471 0.048263
0 0.326255 0.569498 0.100386 0.084942
0 0.405405 0.515444 0.057915 0.073359
0 0.400579 0.410232 0.063707 0.083012
0 0.351351 0.252896 0.061776 0.123552
0 0.486486 0.360039 0.065637 0.083012
0 0.568533 0.347490 0.083012 0.057915
0 0.150579 0.618726 0.073359 0.071429
0 0.126448 0.707529 0.090734 0.137066
0 0.236486 0.611004 0.094595 0.083012
0 0.393822 0.671815 0.077220 0.057915
0 0.317568 0.681467 0.079151 0.127413
0 0.277027 0.758687 0.052124 0.054054
0 0.197876 0.785714 0.106178 0.065637
0 0.115830 0.896718 0.065637 0.036680
0 0.205598 0.861969 0.067568 0.094595
0 0.275097 0.851351 0.071429 0.127413
0 0.397683 0.927606 0.088803 0.059846
0 0.497104 0.956564 0.110039 0.071429
0 0.411197 0.782819 0.108108 0.063707
0 0.494208 0.796332 0.077220 0.044402
0 0.489382 0.468147 0.071429 0.094595
0 0.476834 0.547297 0.042471 0.048263
0 0.597490 0.560811 0.098456 0.071429
0 0.609073 0.662162 0.094595 0.092664
0 0.596525 0.485521 0.054054 0.079151
0 0.638031 0.414093 0.063707 0.071429
0 0.687259 0.349421 0.034749 0.054054
0 0.750965 0.318533 0.096525 0.073359
0 0.828185 0.182432 0.042471 0.063707
0 0.894788 0.266409 0.079151 0.077220
0 0.839768 0.370656 0.088803 0.104247
0 0.409266 0.022201 0.108108 0.040541
0 0.731660 0.469112 0.069498 0.077220
0 0.570463 0.859073 0.071429 0.123552
0 0.698842 0.687259 0.046332 0.069498
0 0.695946 0.812741 0.040541 0.073359
0 0.786680 0.855212 0.125483 0.092664
0 0.885135 0.864865 0.086873 0.061776
0 0.939189 0.910232 0.094595 0.055985
0 0.918919 0.769305 0.073359 0.094595
0 0.719112 0.605212 0.067568 0.106178
0 0.776062 0.560811 0.057915 0.063707
0 0.861004 0.573359 0.119691 0.054054
0 0.816602 0.457529 0.084942 0.092664
0 0.928571 0.674710 0.073359 0.090734
0 0.979730 0.666023 0.040541 0.069498
0 0.978764 0.214286 0.042471 0.034749
0 0.982625 0.137066 0.034749 0.057915
0 0.726834 0.018340 0.156371 0.032819
0 0.822394 0.734556 0.084942 0.079151
