0 0.046813 0.526012 0.045817 0.046243
0 0.226096 0.639692 0.037849 0.046243
0 0.417331 0.577071 0.041833 0.044316
0 0.346614 0.424855 0.031873 0.028902
0 0.539841 0.194605 0.083665 0.053950
0 0.453187 0.279383 0.045817 0.073218
0 0.501992 0.319846 0.067729 0.038536
0 0.547809 0.276493 0.043825 0.086705
0 0.615538 0.368979 0.047809 0.025048
0 0.653386 0.334297 0.035857 0.032755
0 0.817729 0.152216 0.033865 0.065511
0 0.924303 0.240848 0.039841 0.057803
0 0.414343 0.402697 0.051793 0.038536
0 0.477092 0.351638 0.025896 0.036609
0 0.568725 0.385356 0.065737 0.038536
0 0.412351 0.464355 0.043825 0.050096
0 0.506972 0.509634 0.053785 0.032755
0 0.552789 0.470135 0.057769 0.034682
0 0.596614 0.434489 0.033865 0.052023
0 0.408367 0.854528 0.043825 0.048170
0 0.516932 0.635838 0.045817 0.038536
0 0.630478 0.574181 0.033865 0.057803
0 0.688247 0.582852 0.041833 0.048170
0 0.883466 0.628131 0.037849 0.042389
0 0.834661 0.453757 0.043825 0.044316
0 0.882470 0.491329 0.039841 0.026975
0 0.920319 0.442197 0.035857 0.044316
