0 0.089691 0.062762 0.101031 0.050209
0 0.332990 0.134937 0.047423 0.081590
0 0.472165 0.177824 0.065979 0.154812
0 0.425773 0.195607 0.059794 0.119247
0 0.181443 0.284519 0.065979 0.075314
0 0.354639 0.274059 0.057732 0.058577
0 0.311340 0.341004 0.053608 0.033473
0 0.540206 0.282427 0.189691 0.058577
0 0.675258 0.126569 0.088660 0.056485
0 0.867010 0.073222 0.084536 0.058577
0 0.247423 0.442469 0.045361 0.048117
0 0.264948 0.552301 0.051546 0.071130
0 0.332990 0.829498 0.059794 0.081590
0 0.348454 0.901674 0.061856 0.079498
0 0.478351 0.854603 0.065979 0.089958
0 0.436082 0.919456 0.055670 0.039749
0 0.391753 0.448745 0.070103 0.052301
0 0.472165 0.492678 0.065979 0.064854
0 0.413402 0.373431 0.076289 0.102510
0 0.442268 0.433054 0.055670 0.058577
0 0.627835 0.446653 0.059794 0.073222
0 0.703093 0.298117 0.074227 0.039749
0 0.878351 0.351464 0.098969 0.054393
0 0.795876 0.418410 0.053608 0.087866
0 0.871134 0.485356 0.072165 0.041841
0 0.578351 0.509414 0.080412 0.031381
0 0.531959 0.389121 0.032990 0.037657
0 0.613402 0.635983 0.072165 0.138075
0 0.732990 0.747908 0.051546 0.089958
0 0.847423 0.958159 0.094845 0.054393
0 0.937113 0.951883 0.092784 0.050209
0 0.823711 0.770921 0.080412 0.056485
0 0.739175 0.671548 0.055670 0.058577
0 0.762887 0.611925 0.053608 0.043933
0 0.816495 0.665272 0.053608 0.058577
0 0.824742 0.716527 0.049485 0.052301
0 0.967010 0.641213 0.057732 0.077406
0 0.967010 0.396444 0.053608 0.110879
