0 0.063353 0.147303 0.044834 0.066390
0 0.121832 0.072614 0.033138 0.066390
0 0.221248 0.101660 0.044834 0.062241
0 0.184211 0.175311 0.044834 0.060166
0 0.192008 0.284232 0.033138 0.066390
0 0.238791 0.232365 0.056530 0.049793
0 0.368421 0.134855 0.062378 0.087137
0 0.465887 0.124481 0.081871 0.049793
0 0.504873 0.174274 0.050682 0.062241
0 0.373294 0.258299 0.087719 0.051867
0 0.438596 0.289419 0.074074 0.056017
0 0.533138 0.317427 0.064327 0.033195
0 0.588694 0.359959 0.046784 0.064315
0 0.311891 0.285270 0.042885 0.068465
0 0.038986 0.435685 0.031189 0.049793
0 0.132554 0.435685 0.035088 0.058091
0 0.342105 0.349585 0.048733 0.072614
0 0.340156 0.422199 0.033138 0.051867
0 0.399610 0.400415 0.035088 0.045643
0 0.462963 0.340249 0.044834 0.058091
0 0.523392 0.392116 0.052632 0.049793
0 0.469786 0.417012 0.042885 0.078838
0 0.400585 0.446058 0.040936 0.045643
0 0.336257 0.492739 0.048733 0.051867
0 0.377193 0.512448 0.033138 0.062241
0 0.396686 0.548755 0.040936 0.026971
0 0.445419 0.471992 0.040936 0.047718
0 0.507797 0.490664 0.044834 0.101660
0 0.466862 0.550830 0.060429 0.047718
0 0.391813 0.590249 0.038986 0.026971
0 0.425926 0.598548 0.037037 0.043568
0 0.573099 0.445021 0.038986 0.072614
0 0.588694 0.536307 0.058480 0.039419
0 0.359649 0.707469 0.037037 0.087137
0 0.098441 0.785270 0.048733 0.064315
0 0.447368 0.652490 0.040936 0.068465
0 0.447368 0.706432 0.044834 0.043568
0 0.488304 0.635892 0.037037 0.060166
0 0.487329 0.695021 0.038986 0.062241
0 0.529240 0.721992 0.056530 0.029046
0 0.557505 0.678423 0.054581 0.066390
0 0.762183 0.620332 0.058480 0.116183
0 0.851852 0.561203 0.050682 0.064315
0 0.833333 0.624481 0.056530 0.033195
