0 0.530973 0.255877 0.056637 0.037975
0 0.221239 0.363472 0.049558 0.039783
0 0.316814 0.386076 0.046018 0.034358
0 0.441593 0.455696 0.061947 0.039783
0 0.580531 0.488246 0.042478 0.054250
0 0.760177 0.169982 0.058407 0.043400
0 0.930973 0.042495 0.056637 0.037975
0 0.919469 0.093128 0.026549 0.048825
0 0.865487 0.208861 0.028319 0.063291
0 0.950442 0.193490 0.067257 0.043400
0 0.910619 0.281193 0.044248 0.030741
0 0.957522 0.245931 0.028319 0.025316
0 0.763717 0.358951 0.037168 0.059675
0 0.671681 0.514467 0.047788 0.059675
0 0.809735 0.471971 0.040708 0.050633
0 0.946018 0.487342 0.030088 0.063291
0 0.825664 0.656420 0.037168 0.043400
0 0.722124 0.642857 0.049558 0.081374
0 0.712389 0.686257 0.030088 0.030741
0 0.614159 0.682640 0.063717 0.041591
0 0.673451 0.741410 0.037168 0.068716
0 0.507965 0.691682 0.035398 0.059675
0 0.476991 0.642857 0.061947 0.030741
0 0.176106 0.683544 0.044248 0.047016
0 0.296460 0.740506 0.058407 0.030741
0 0.355752 0.771248 0.038938 0.056058
0 0.267257 0.790235 0.035398 0.061483
0 0.292035 0.871609 0.088496 0.036166
0 0.217699 0.867993 0.017699 0.028933
0 0.232743 0.944846 0.040708 0.052441
0 0.319469 0.948463 0.030088 0.059675
0 0.393805 0.904159 0.026549 0.050633
0 0.434513 0.881555 0.054867 0.030741
0 0.476106 0.905063 0.038938 0.034358
0 0.575221 0.906872 0.049558 0.037975
0 0.607965 0.959313 0.040708 0.066908
0 0.570796 0.828210 0.037168 0.061483
0 0.655752 0.834539 0.037168 0.052441
0 0.969027 0.350814 0.044248 0.028933
