0 0.163760 0.289869 0.048450 0.039400
0 0.195736 0.339587 0.046512 0.052533
0 0.168605 0.385553 0.050388 0.024390
0 0.125000 0.425891 0.071705 0.045028
0 0.164729 0.489681 0.050388 0.075047
0 0.394380 0.387430 0.048450 0.065666
0 0.394380 0.496248 0.044574 0.065666
0 0.438953 0.599437 0.048450 0.039400
0 0.635659 0.561914 0.046512 0.046904
0 0.562984 0.783302 0.052326 0.069418
0 0.439922 0.781426 0.042636 0.035647
0 0.414729 0.876173 0.054264 0.048780
0 0.247093 0.852720 0.052326 0.046904
0 0.128876 0.533771 0.025194 0.020638
0 0.154070 0.579737 0.075581 0.041276
0 0.035853 0.621951 0.052326 0.043152
0 0.062984 0.666979 0.040698 0.046904
0 0.084302 0.727955 0.052326 0.045028
0 0.013566 0.798311 0.023256 0.080675
0 0.046512 0.833959 0.038760 0.020638
0 0.115310 0.785178 0.032946 0.061914
0 0.118217 0.837711 0.046512 0.046904
0 0.085271 0.864916 0.050388 0.037523
0 0.117248 0.954972 0.036822 0.048780
0 0.219961 0.981238 0.044574 0.037523
