0 0.031120 0.156888 0.049793 0.089286
0 0.041494 0.233418 0.045643 0.063776
0 0.134855 0.237245 0.066390 0.096939
0 0.227178 0.253827 0.072614 0.058673
0 0.233402 0.094388 0.089212 0.086735
0 0.315353 0.076531 0.087137 0.147959
0 0.397303 0.094388 0.072614 0.183673
0 0.503112 0.145408 0.035270 0.045918
0 0.747925 0.136480 0.089212 0.063776
0 0.608921 0.596939 0.031120 0.056122
0 0.618257 0.752551 0.029046 0.071429
0 0.620332 0.876276 0.033195 0.125000
0 0.885892 0.924745 0.199170 0.058673
0 0.783195 0.649235 0.080913 0.125000
0 0.863071 0.681122 0.099585 0.112245
0 0.917012 0.568878 0.041494 0.132653
0 0.959544 0.579082 0.051867 0.066327
0 0.969917 0.522959 0.060166 0.040816
0 0.596473 0.383929 0.031120 0.028061
0 0.424274 0.397959 0.072614 0.071429
0 0.235477 0.389031 0.072614 0.048469
0 0.175311 0.413265 0.047718 0.102041
0 0.074689 0.400510 0.058091 0.040816
0 0.114108 0.394133 0.029046 0.033163
0 0.071577 0.455357 0.031120 0.073980
0 0.089212 0.594388 0.049793 0.061224
0 0.243776 0.516582 0.072614 0.063776
0 0.344398 0.436224 0.045643 0.107143
0 0.374481 0.596939 0.022822 0.056122
0 0.428423 0.600765 0.085062 0.048469
0 0.461618 0.639031 0.026971 0.038265
0 0.495851 0.603316 0.049793 0.089286
0 0.506224 0.682398 0.053942 0.033163
0 0.508299 0.733418 0.053942 0.068878
0 0.387967 0.649235 0.033195 0.033163
0 0.394191 0.679847 0.045643 0.033163
0 0.392116 0.719388 0.037344 0.045918
0 0.442946 0.714286 0.068465 0.045918
0 0.345436 0.742347 0.060166 0.056122
0 0.324689 0.803571 0.076763 0.056122
0 0.442946 0.753827 0.072614 0.033163
0 0.491701 0.881378 0.095436 0.038265
0 0.098548 0.910714 0.039419 0.081633
0 0.199170 0.927296 0.145228 0.089286
0 0.329876 0.942602 0.082988 0.063776
0 0.379668 0.931122 0.020747 0.030612
0 0.403527 0.941327 0.022822 0.035714
0 0.429461 0.941327 0.024896 0.040816
0 0.460581 0.945153 0.037344 0.043367
0 0.528008 0.960459 0.035270 0.043367
0 0.501037 0.966837 0.018672 0.030612
