0 0.052863 0.095101 0.074890 0.126801
0 0.273128 0.159942 0.123348 0.100865
0 0.297357 0.291066 0.070485 0.144092
0 0.243392 0.322767 0.041850 0.051873
0 0.073789 0.429395 0.068282 0.046110
0 0.183921 0.425072 0.077093 0.083573
0 0.188326 0.479827 0.063877 0.037464
0 0.294053 0.400576 0.046256 0.040346
0 0.294053 0.466859 0.046256 0.092219
0 0.281938 0.592219 0.066079 0.152738
0 0.223568 0.720461 0.147577 0.092219
0 0.245595 0.858790 0.063877 0.144092
0 0.136564 0.927954 0.114537 0.086455
0 0.436123 0.674352 0.070485 0.057637
0 0.394273 0.769452 0.048458 0.138329
0 0.398678 0.863112 0.066079 0.048991
0 0.406388 0.919308 0.090308 0.051873
0 0.494493 0.762248 0.059471 0.129683
0 0.549559 0.780980 0.055066 0.172911
0 0.509912 0.919308 0.107930 0.080692
0 0.464758 0.514409 0.044053 0.072046
0 0.536344 0.466859 0.055066 0.092219
0 0.595815 0.403458 0.125551 0.051873
0 0.690529 0.461095 0.037445 0.097983
0 0.707048 0.560519 0.061674 0.112392
0 0.533040 0.577810 0.061674 0.118156
0 0.646476 0.648415 0.068282 0.086455
0 0.743392 0.804035 0.077093 0.259366
0 0.892070 0.935159 0.136564 0.089337
0 0.932819 0.783862 0.068282 0.201729
0 0.840308 0.670029 0.107930 0.066282
0 0.574890 0.242075 0.074890 0.132565
0 0.741189 0.255043 0.055066 0.048991
0 0.829295 0.149856 0.072687 0.195965
0 0.704846 0.040346 0.110132 0.074928
0 0.651982 0.148415 0.048458 0.037464
0 0.053965 0.727666 0.033040 0.060519
