0 0.291961 0.125193 0.073343 0.046368
0 0.318759 0.264297 0.028209 0.021638
0 0.248237 0.290572 0.022567 0.021638
0 0.208745 0.361669 0.033850 0.043277
0 0.119182 0.590417 0.021157 0.046368
0 0.203103 0.640649 0.022567 0.051005
0 0.220733 0.687017 0.032440 0.026275
0 0.304654 0.714065 0.028209 0.043277
0 0.271509 0.812210 0.026798 0.054096
0 0.281382 0.919629 0.023977 0.046368
0 0.362482 0.816074 0.014104 0.030912
0 0.377292 0.781298 0.021157 0.029366
0 0.462623 0.870170 0.047955 0.027821
0 0.643159 0.947450 0.031030 0.030912
0 0.612835 0.870170 0.046544 0.034003
0 0.686178 0.856260 0.040903 0.027821
0 0.717913 0.825348 0.019746 0.052550
0 0.640339 0.842349 0.025388 0.037094
0 0.624824 0.803709 0.033850 0.030912
0 0.689704 0.782844 0.047955 0.026275
0 0.668547 0.757342 0.014104 0.018547
0 0.608604 0.738022 0.032440 0.026275
0 0.683357 0.717156 0.032440 0.024730
0 0.734133 0.711747 0.015515 0.020093
0 0.746827 0.687790 0.026798 0.043277
0 0.693935 0.682380 0.022567 0.038640
0 0.624824 0.674652 0.039492 0.026275
0 0.515515 0.712519 0.029619 0.055641
0 0.464739 0.722566 0.021157 0.069552
0 0.521862 0.590417 0.025388 0.049459
0 0.502116 0.551777 0.033850 0.034003
0 0.562764 0.637558 0.047955 0.026275
0 0.590268 0.612056 0.029619 0.043277
0 0.637518 0.638331 0.014104 0.021638
0 0.668547 0.615147 0.019746 0.040185
0 0.715092 0.639104 0.045134 0.023184
0 0.748942 0.636012 0.025388 0.023184
0 0.760931 0.601236 0.023977 0.040185
0 0.725670 0.602009 0.018336 0.038640
0 0.707334 0.571097 0.038082 0.029366
0 0.673484 0.577280 0.026798 0.032457
0 0.681946 0.547141 0.023977 0.021638
0 0.704513 0.531685 0.023977 0.037094
0 0.729196 0.538640 0.028209 0.029366
0 0.624824 0.556414 0.019746 0.021638
0 0.569111 0.570325 0.040903 0.027821
0 0.598025 0.576507 0.019746 0.024730
0 0.528914 0.534776 0.025388 0.058733
0 0.552891 0.501546 0.039492 0.023184
0 0.521157 0.477589 0.023977 0.052550
0 0.366714 0.592736 0.033850 0.026275
0 0.311707 0.497682 0.016925 0.046368
0 0.371650 0.506182 0.021157 0.041731
0 0.402680 0.425039 0.018336 0.037094
0 0.371650 0.403400 0.049365 0.024730
0 0.372355 0.324575 0.028209 0.034003
0 0.419605 0.373261 0.018336 0.020093
0 0.587447 0.479134 0.018336 0.037094
0 0.589563 0.514683 0.028209 0.021638
0 0.631171 0.523184 0.021157 0.041731
0 0.622003 0.491499 0.033850 0.021638
0 0.714386 0.490726 0.032440 0.032457
0 0.669958 0.488408 0.031030 0.021638
0 0.688999 0.498454 0.015515 0.020093
0 0.696756 0.404946 0.073343 0.052550
0 0.633992 0.432767 0.018336 0.040185
0 0.634697 0.463679 0.014104 0.021638
0 0.598025 0.439722 0.022567 0.044822
0 0.484485 0.345440 0.015515 0.026275
0 0.490832 0.296754 0.025388 0.034003
0 0.607193 0.349304 0.026798 0.055641
0 0.660085 0.363215 0.022567 0.040185
0 0.718618 0.351623 0.035261 0.051005
0 0.645275 0.290572 0.029619 0.037094
0 0.650917 0.319938 0.018336 0.021638
0 0.693935 0.278207 0.028209 0.027821
0 0.721439 0.244204 0.021157 0.049459
0 0.702398 0.216383 0.025388 0.015456
0 0.613540 0.205564 0.045134 0.046368
0 0.683357 0.127512 0.049365 0.026275
0 0.863188 0.133694 0.022567 0.038640
0 0.916784 0.180062 0.028209 0.023184
0 0.944993 0.205564 0.022567 0.046368
