0 0.435407 0.037133 0.022329 0.036269
0 0.505582 0.039724 0.025518 0.048359
0 0.271132 0.082038 0.073365 0.043178
0 0.232855 0.223661 0.054226 0.029361
0 0.065391 0.278929 0.028708 0.043178
0 0.148325 0.294473 0.031898 0.056995
0 0.357257 0.218480 0.028708 0.022453
0 0.364434 0.256477 0.023923 0.029361
0 0.380383 0.316062 0.030303 0.055268
0 0.354067 0.365285 0.047847 0.032815
0 0.390750 0.397237 0.028708 0.082902
0 0.303828 0.420553 0.027113 0.070812
0 0.347687 0.443005 0.044657 0.029361
0 0.315789 0.465458 0.022329 0.018998
0 0.463317 0.159758 0.046252 0.025907
0 0.464912 0.233161 0.046252 0.024180
0 0.480064 0.341105 0.044657 0.043178
0 0.471292 0.384283 0.017544 0.046632
0 0.515152 0.425734 0.060606 0.043178
0 0.537480 0.333333 0.070175 0.044905
0 0.575758 0.370466 0.044657 0.074266
0 0.561404 0.430915 0.035088 0.053541
0 0.595694 0.424870 0.039872 0.027634
0 0.617225 0.386010 0.025518 0.046632
0 0.596491 0.288428 0.025518 0.034542
0 0.602073 0.325561 0.020734 0.029361
0 0.657895 0.284111 0.030303 0.046632
0 0.669059 0.331606 0.055821 0.024180
0 0.641946 0.349741 0.020734 0.012090
0 0.661882 0.367012 0.015949 0.015544
0 0.764753 0.450777 0.049442 0.027634
0 0.816587 0.273748 0.041467 0.056995
0 0.879585 0.390328 0.049442 0.020725
0 0.965710 0.397237 0.049442 0.024180
0 0.902711 0.425734 0.025518 0.043178
0 0.926635 0.447323 0.019139 0.034542
0 0.984051 0.441278 0.025518 0.053541
0 0.256778 0.560449 0.060606 0.039724
0 0.295853 0.587219 0.027113 0.072539
0 0.336523 0.554404 0.019139 0.020725
0 0.401914 0.553541 0.022329 0.036269
0 0.360447 0.610535 0.051037 0.025907
0 0.224880 0.603627 0.028708 0.050086
0 0.185805 0.683938 0.039872 0.020725
0 0.471292 0.537997 0.027113 0.088083
0 0.492823 0.611399 0.054226 0.027634
0 0.549442 0.505181 0.052632 0.022453
0 0.531100 0.531088 0.019139 0.025907
0 0.533493 0.575130 0.020734 0.048359
0 0.548644 0.615717 0.054226 0.029361
0 0.590909 0.553541 0.030303 0.098446
0 0.586922 0.633851 0.025518 0.044905
0 0.631579 0.632124 0.028708 0.041451
0 0.496013 0.651986 0.038278 0.022453
0 0.277512 0.637306 0.082935 0.024180
0 0.336523 0.654577 0.022329 0.058722
0 0.392344 0.649396 0.015949 0.048359
0 0.369219 0.692573 0.071770 0.027634
0 0.226475 0.720207 0.025518 0.044905
0 0.253589 0.722798 0.022329 0.043178
0 0.291069 0.746114 0.039872 0.034542
0 0.314195 0.703800 0.025518 0.046632
0 0.413876 0.731434 0.023923 0.029361
0 0.414673 0.765976 0.025518 0.032815
0 0.411483 0.813472 0.028708 0.058722
0 0.258373 0.791019 0.019139 0.024180
0 0.262360 0.820380 0.023923 0.020725
0 0.286284 0.818653 0.023923 0.020725
0 0.311005 0.803109 0.019139 0.024180
0 0.311005 0.869603 0.047847 0.025907
0 0.216108 0.888601 0.027113 0.039724
0 0.248804 0.886010 0.015949 0.017271
0 0.265550 0.898964 0.027113 0.032815
0 0.325359 0.899827 0.035088 0.027634
0 0.367624 0.873921 0.059011 0.034542
0 0.382775 0.914508 0.076555 0.050086
0 0.410686 0.869603 0.030303 0.043178
0 0.391547 0.962003 0.027113 0.034542
0 0.509569 0.981002 0.049442 0.024180
0 0.557416 0.981002 0.039872 0.027634
0 0.495215 0.948187 0.023923 0.034542
0 0.569378 0.944732 0.019139 0.031088
0 0.597289 0.950777 0.023923 0.029361
0 0.841308 0.940415 0.027113 0.046632
0 0.897927 0.949914 0.028708 0.062176
0 0.972089 0.898964 0.036683 0.025907
0 0.822169 0.898100 0.046252 0.027634
0 0.856459 0.862694 0.025518 0.050086
0 0.594099 0.916235 0.027113 0.036269
0 0.493620 0.903282 0.027113 0.037997
0 0.499203 0.866149 0.041467 0.029361
0 0.539872 0.868739 0.039872 0.031088
0 0.579745 0.881693 0.043062 0.036269
0 0.570175 0.841969 0.055821 0.029361
0 0.487241 0.772884 0.030303 0.081174
0 0.528708 0.785838 0.049442 0.062176
0 0.569378 0.788428 0.028708 0.029361
0 0.484848 0.706390 0.031898 0.048359
0 0.515949 0.683938 0.036683 0.020725
0 0.543860 0.698618 0.022329 0.043178
0 0.759171 0.766839 0.025518 0.048359
0 0.699362 0.852332 0.023923 0.053541
0 0.736842 0.881693 0.044657 0.029361
0 0.763955 0.858377 0.019139 0.037997
0 0.803030 0.841969 0.027113 0.022453
0 0.937799 0.694301 0.025518 0.058722
0 0.716108 0.595855 0.044657 0.027634
0 0.739234 0.558722 0.023923 0.046632
0 0.782297 0.588946 0.039872 0.072539
0 0.822169 0.557858 0.055821 0.027634
0 0.843700 0.585492 0.022329 0.027634
