0 0.081047 0.038653 0.132170 0.042394
0 0.229426 0.039900 0.094763 0.049875
0 0.345387 0.033666 0.132170 0.042394
0 0.137157 0.169576 0.054863 0.049875
0 0.105985 0.226933 0.137157 0.044888
0 0.032419 0.405237 0.054863 0.047382
0 0.039900 0.446384 0.054863 0.039900
0 0.159601 0.379052 0.064838 0.064838
0 0.286783 0.296758 0.044888 0.029925
0 0.340399 0.307980 0.062344 0.037406
0 0.399002 0.312968 0.044888 0.037406
0 0.453865 0.362843 0.084788 0.162095
0 0.502494 0.084788 0.067332 0.099751
0 0.578554 0.026185 0.049875 0.032419
0 0.731920 0.099751 0.072319 0.079800
0 0.688279 0.036160 0.104738 0.067332
0 0.842893 0.148379 0.139651 0.057357
0 0.738155 0.221945 0.069825 0.084788
0 0.716958 0.386534 0.072319 0.094763
0 0.831671 0.395262 0.152120 0.077307
0 0.895262 0.322943 0.064838 0.052369
0 0.903990 0.241895 0.032419 0.074813
0 0.147132 0.558603 0.079800 0.054863
0 0.224439 0.552369 0.044888 0.027431
0 0.432668 0.562344 0.062344 0.072319
0 0.495012 0.557357 0.037406 0.072319
0 0.544888 0.544888 0.057357 0.112219
0 0.618454 0.552369 0.059850 0.107232
0 0.775561 0.524938 0.074813 0.052369
0 0.842893 0.543641 0.064838 0.049875
0 0.900249 0.554863 0.054863 0.057357
0 0.793017 0.588529 0.069825 0.049875
0 0.881546 0.620948 0.087282 0.054863
0 0.907731 0.685786 0.049875 0.089776
0 0.936409 0.619701 0.027431 0.057357
0 0.657107 0.683292 0.052369 0.084788
0 0.731920 0.704489 0.092269 0.052369
0 0.536160 0.699501 0.034913 0.062344
0 0.086035 0.839152 0.067332 0.117207
0 0.054863 0.932668 0.069825 0.064838
0 0.017456 0.867830 0.029925 0.064838
0 0.230673 0.805486 0.057357 0.064838
0 0.248130 0.905237 0.082294 0.069825
0 0.307980 0.837905 0.047382 0.079800
0 0.330424 0.925187 0.057357 0.054863
0 0.380299 0.872818 0.082294 0.059850
0 0.431421 0.906484 0.044888 0.067332
0 0.504988 0.956359 0.112219 0.057357
0 0.408978 0.965087 0.084788 0.044888
0 0.594763 0.895262 0.087282 0.059850
0 0.677057 0.945137 0.087282 0.054863
0 0.760599 0.956359 0.069825 0.042394
0 0.812968 0.928928 0.029925 0.072319
0 0.857855 0.932668 0.044888 0.029925
0 0.864090 0.963840 0.027431 0.027431
0 0.669576 0.800499 0.037406 0.059850
0 0.766833 0.855362 0.067332 0.079800
0 0.830424 0.811721 0.044888 0.107232
0 0.884040 0.801746 0.057357 0.057357
0 0.925187 0.766833 0.029925 0.017456
0 0.927681 0.846633 0.024938 0.042394
0 0.894015 0.910224 0.032419 0.084788
0 0.925187 0.923940 0.029925 0.107232
0 0.547382 0.402743 0.052369 0.092269
