0 0.241158 0.203866 0.064309 0.070299
0 0.306270 0.159930 0.059486 0.063269
0 0.317524 0.107206 0.030547 0.031634
0 0.369775 0.121265 0.045016 0.042179
0 0.153537 0.364675 0.030547 0.050967
0 0.189711 0.363796 0.038585 0.028120
0 0.444534 0.320738 0.091640 0.135325
0 0.500804 0.428822 0.081994 0.115993
0 0.098875 0.628295 0.027331 0.036907
0 0.221865 0.664323 0.057878 0.042179
0 0.193730 0.688049 0.027331 0.043937
0 0.173633 0.747803 0.048232 0.033392
0 0.196945 0.780316 0.027331 0.035149
0 0.163183 0.832162 0.033762 0.026362
0 0.193730 0.825132 0.024116 0.040422
0 0.290997 0.709139 0.045016 0.033392
0 0.257235 0.749561 0.022508 0.033392
0 0.290997 0.763620 0.022508 0.033392
0 0.319132 0.763620 0.030547 0.047452
0 0.360129 0.736380 0.051447 0.028120
0 0.331190 0.825132 0.054662 0.029877
0 0.233923 0.908612 0.043408 0.028120
0 0.352090 0.903339 0.064309 0.059754
0 0.348875 0.956063 0.028939 0.021090
0 0.391479 0.784710 0.030547 0.068541
0 0.428457 0.776801 0.033762 0.028120
0 0.424437 0.804042 0.038585 0.029877
0 0.397106 0.855009 0.028939 0.047452
0 0.417203 0.916520 0.053055 0.026362
0 0.463023 0.864675 0.045016 0.070299
0 0.467846 0.810193 0.045016 0.038664
0 0.578778 0.891916 0.051447 0.050967
0 0.519293 0.570299 0.032154 0.050967
0 0.574759 0.585237 0.027331 0.045694
0 0.543408 0.635325 0.045016 0.033392
0 0.627010 0.634446 0.045016 0.035149
0 0.631833 0.577329 0.041801 0.026362
0 0.636656 0.527241 0.038585 0.024605
0 0.686495 0.487698 0.032154 0.029877
0 0.696141 0.463093 0.057878 0.033392
0 0.708199 0.408612 0.033762 0.026362
0 0.794212 0.304042 0.028939 0.038664
0 0.833601 0.283831 0.027331 0.019332
0 0.852894 0.321617 0.043408 0.063269
0 0.820740 0.354130 0.049839 0.043937
0 0.954984 0.387522 0.028939 0.040422
0 0.836817 0.428822 0.030547 0.042179
0 0.841640 0.480668 0.062701 0.033392
0 0.865756 0.536028 0.043408 0.035149
0 0.957395 0.485062 0.030547 0.059754
0 0.720257 0.614236 0.057878 0.033392
0 0.675241 0.635325 0.032154 0.040422
0 0.662379 0.684534 0.028939 0.054482
0 0.680868 0.727592 0.036977 0.024605
0 0.710611 0.743409 0.035370 0.028120
0 0.750000 0.700351 0.030547 0.047452
0 0.729100 0.652900 0.030547 0.043937
