0 0.084559 0.279923 0.033088 0.034749
0 0.119485 0.280888 0.036765 0.032819
0 0.154412 0.281853 0.029412 0.030888
0 0.184743 0.301158 0.023897 0.038610
0 0.059743 0.324324 0.020221 0.030888
0 0.057904 0.361969 0.027574 0.036680
0 0.097426 0.450772 0.025735 0.021236
0 0.145221 0.420849 0.022059 0.027027
0 0.168199 0.418919 0.023897 0.027027
0 0.188419 0.384170 0.020221 0.027027
0 0.188419 0.342664 0.027574 0.044402
0 0.514706 0.182432 0.022059 0.036680
0 0.518382 0.217181 0.025735 0.028958
0 0.827206 0.074324 0.022059 0.052124
0 0.986213 0.547297 0.020221 0.028958
0 0.931985 0.984556 0.018382 0.030888
