0 0.358059 0.443548 0.056777 0.044803
0 0.356227 0.537634 0.045788 0.071685
0 0.602564 0.972222 0.043956 0.034050
0 0.764652 0.950717 0.053114 0.059140
0 0.829670 0.883513 0.043956 0.071685
0 0.838828 0.813620 0.036630 0.032258
0 0.800366 0.775090 0.040293 0.023297
0 0.758242 0.646057 0.021978 0.041219
0 0.884615 0.635305 0.065934 0.066308
0 0.821429 0.560932 0.034799 0.025090
0 0.860806 0.560932 0.025641 0.032258
0 0.807692 0.288530 0.073260 0.043011
0 0.881868 0.286738 0.064103 0.039427
0 0.910256 0.214158 0.043956 0.077061
0 0.833333 0.124552 0.084249 0.041219
0 0.903846 0.146953 0.031136 0.046595
