0 0.234252 0.050864 0.062992 0.032630
0 0.192913 0.022073 0.023622 0.040307
0 0.071850 0.014395 0.068898 0.024952
0 0.052165 0.034549 0.037402 0.034549
0 0.045276 0.091171 0.027559 0.021113
0 0.141732 0.146833 0.039370 0.051823
0 0.077756 0.181382 0.049213 0.036468
0 0.054134 0.219770 0.033465 0.040307
0 0.105315 0.248560 0.037402 0.047985
0 0.139764 0.219770 0.027559 0.067179
0 0.177165 0.237044 0.035433 0.036468
0 0.200787 0.125720 0.059055 0.040307
0 0.303150 0.036468 0.039370 0.057582
0 0.302165 0.095010 0.041339 0.036468
0 0.347441 0.074856 0.049213 0.038388
0 0.348425 0.143954 0.027559 0.049904
0 0.378937 0.118042 0.037402 0.017274
0 0.332677 0.195777 0.035433 0.057582
0 0.376969 0.263916 0.092520 0.032630
0 0.445866 0.275432 0.037402 0.028791
0 0.445866 0.243762 0.025591 0.034549
0 0.352362 0.297505 0.023622 0.019194
0 0.383858 0.292706 0.023622 0.024952
0 0.061024 0.310940 0.043307 0.095969
0 0.107283 0.307102 0.037402 0.061420
0 0.151575 0.313820 0.039370 0.063340
0 0.201772 0.304223 0.029528 0.059501
0 0.179134 0.331094 0.027559 0.017274
0 0.261811 0.175624 0.043307 0.040307
0 0.216535 0.175624 0.035433 0.044146
0 0.220472 0.231286 0.039370 0.051823
0 0.287402 0.220729 0.043307 0.046065
0 0.275591 0.258157 0.015748 0.021113
0 0.277559 0.281190 0.019685 0.021113
0 0.447835 0.101727 0.096457 0.145873
0 0.641732 0.092131 0.074803 0.046065
0 0.674213 0.042226 0.021654 0.026871
0 0.723425 0.052783 0.025591 0.028791
0 0.753937 0.058541 0.031496 0.032630
0 0.785433 0.066219 0.027559 0.036468
0 0.820866 0.071977 0.047244 0.028791
0 0.823819 0.038388 0.053150 0.038388
0 0.741142 0.008637 0.080709 0.013436
0 0.932087 0.047025 0.057087 0.071017
0 0.956693 0.094050 0.078740 0.030710
0 0.965551 0.143954 0.049213 0.057582
0 0.713583 0.135317 0.041339 0.040307
0 0.816929 0.180422 0.110236 0.053743
0 0.861220 0.207294 0.021654 0.019194
0 0.704724 0.222649 0.070866 0.030710
0 0.606299 0.204415 0.035433 0.047985
0 0.602362 0.243762 0.023622 0.026871
0 0.674213 0.177543 0.041339 0.055662
0 0.626969 0.165067 0.049213 0.026871
0 0.093504 0.484645 0.045276 0.021113
0 0.089567 0.507678 0.041339 0.028791
0 0.061024 0.521113 0.019685 0.021113
0 0.094488 0.585413 0.078740 0.030710
0 0.125984 0.519194 0.027559 0.082534
0 0.165354 0.412668 0.059055 0.026871
0 0.250000 0.402111 0.059055 0.047985
0 0.232283 0.465451 0.051181 0.101727
0 0.366142 0.377159 0.082677 0.044146
0 0.447835 0.358925 0.080709 0.034549
0 0.551181 0.333013 0.035433 0.024952
0 0.554134 0.383877 0.053150 0.034549
0 0.546260 0.355086 0.017717 0.019194
0 0.551181 0.484645 0.055118 0.117083
0 0.532480 0.569098 0.029528 0.044146
0 0.557087 0.576775 0.023622 0.051823
0 0.635827 0.446257 0.114173 0.055662
0 0.668307 0.327255 0.080709 0.032630
0 0.653543 0.358925 0.051181 0.026871
0 0.797244 0.312860 0.043307 0.057582
0 0.792323 0.365643 0.061024 0.040307
0 0.908465 0.284069 0.037402 0.026871
0 0.905512 0.319578 0.051181 0.044146
0 0.910433 0.367562 0.033465 0.017274
0 0.907480 0.431862 0.027559 0.107486
0 0.896654 0.502879 0.072835 0.034549
0 0.769685 0.444338 0.078740 0.078695
0 0.782480 0.500000 0.061024 0.040307
0 0.841535 0.521113 0.049213 0.032630
0 0.993110 0.482726 0.013780 0.059501
0 0.923228 0.580614 0.035433 0.059501
0 0.854331 0.600768 0.062992 0.026871
0 0.736220 0.542226 0.043307 0.055662
0 0.572835 0.607486 0.031496 0.021113
0 0.612205 0.616123 0.047244 0.023033
0 0.551181 0.629559 0.047244 0.034549
0 0.540354 0.666987 0.025591 0.032630
0 0.537402 0.699616 0.023622 0.024952
0 0.540354 0.728407 0.017717 0.028791
0 0.595472 0.716891 0.080709 0.036468
0 0.612205 0.655470 0.035433 0.047985
0 0.576772 0.692898 0.031496 0.015355
0 0.805118 0.663148 0.039370 0.063340
0 0.812008 0.714971 0.057087 0.028791
0 0.922244 0.631478 0.029528 0.026871
0 0.947835 0.689060 0.037402 0.053743
0 0.954724 0.743762 0.027559 0.051823
0 0.867126 0.727447 0.025591 0.026871
0 0.874016 0.772553 0.031496 0.059501
0 0.869094 0.844530 0.033465 0.065259
0 0.928150 0.908829 0.088583 0.063340
0 0.784449 0.938580 0.025591 0.042226
0 0.859252 0.928023 0.041339 0.032630
0 0.926181 0.808061 0.064961 0.057582
0 0.702756 0.761996 0.047244 0.042226
0 0.615157 0.765835 0.120079 0.049904
0 0.543307 0.771593 0.019685 0.049904
0 0.618110 0.810940 0.129921 0.036468
0 0.607283 0.874280 0.108268 0.086372
0 0.725394 0.939539 0.088583 0.040307
0 0.667323 0.946257 0.019685 0.023033
0 0.474409 0.945298 0.031496 0.055662
0 0.431102 0.948177 0.035433 0.038388
0 0.393701 0.950096 0.027559 0.042226
0 0.352362 0.956814 0.047244 0.024952
0 0.285433 0.952975 0.062992 0.044146
0 0.201772 0.963532 0.041339 0.034549
0 0.101378 0.959693 0.037402 0.019194
0 0.168307 0.964491 0.013780 0.021113
0 0.106299 0.927063 0.039370 0.030710
0 0.092520 0.844530 0.047244 0.095969
0 0.132874 0.880038 0.029528 0.024952
0 0.188976 0.805182 0.039370 0.097889
0 0.156496 0.652591 0.053150 0.072937
0 0.172244 0.589251 0.068898 0.046065
0 0.221457 0.532630 0.080709 0.040307
0 0.247047 0.576775 0.029528 0.055662
0 0.251969 0.615163 0.059055 0.028791
0 0.284449 0.451056 0.049213 0.030710
0 0.356299 0.434741 0.039370 0.067179
0 0.391732 0.423225 0.015748 0.021113
0 0.388780 0.442418 0.025591 0.024952
0 0.387795 0.467370 0.023622 0.017274
0 0.484252 0.402111 0.043307 0.040307
0 0.419291 0.462572 0.035433 0.053743
0 0.347441 0.479846 0.045276 0.030710
0 0.379921 0.501919 0.031496 0.044146
0 0.274606 0.499040 0.033465 0.026871
0 0.324803 0.547985 0.059055 0.044146
0 0.417323 0.590211 0.094488 0.059501
0 0.452756 0.758157 0.023622 0.026871
0 0.254921 0.696737 0.112205 0.042226
0 0.283465 0.722649 0.059055 0.017274
0 0.248031 0.645873 0.070866 0.036468
0 0.285433 0.879079 0.035433 0.038388
0 0.265748 0.918426 0.023622 0.024952
0 0.097441 0.672745 0.057087 0.044146
0 0.104331 0.707294 0.051181 0.036468
0 0.129921 0.739923 0.055118 0.036468
0 0.458661 0.729367 0.019685 0.023033
0 0.344488 0.841651 0.027559 0.017274
0 0.991142 0.383877 0.017717 0.049904
