0 0.056655 0.553476 0.030576 0.040998
0 0.149281 0.517825 0.028777 0.044563
0 0.145683 0.564171 0.017986 0.026738
0 0.233813 0.481283 0.032374 0.028520
0 0.235612 0.543672 0.035971 0.021390
0 0.241007 0.581996 0.014388 0.019608
0 0.240108 0.607843 0.012590 0.014260
0 0.367806 0.557041 0.044964 0.019608
0 0.393885 0.585561 0.021583 0.030303
0 0.382194 0.633690 0.019784 0.033868
0 0.160971 0.844920 0.019784 0.035651
0 0.112410 0.827986 0.026978 0.016043
0 0.068345 0.854724 0.017986 0.030303
0 0.654676 0.695187 0.021583 0.035651
