0 0.613597 0.432617 0.036145 0.029297
0 0.668675 0.550781 0.043029 0.023438
0 0.706540 0.593750 0.029260 0.070312
0 0.685026 0.650391 0.034423 0.023438
0 0.625645 0.593750 0.022375 0.046875
0 0.564544 0.591797 0.017212 0.039062
0 0.469880 0.633789 0.041308 0.021484
0 0.563683 0.760742 0.046472 0.029297
0 0.592083 0.792969 0.017212 0.027344
0 0.588640 0.818359 0.013769 0.019531
0 0.585198 0.844727 0.027539 0.037109
0 0.561102 0.873047 0.027539 0.023438
0 0.586919 0.882812 0.017212 0.023438
0 0.745267 0.928711 0.037866 0.037109
0 0.913081 0.944336 0.032702 0.060547
