0 0.402913 0.047912 0.092233 0.071253
0 0.376214 0.127764 0.077670 0.083538
0 0.358010 0.184275 0.070388 0.044226
0 0.457524 0.196560 0.118932 0.078624
0 0.487864 0.297297 0.053398 0.117936
0 0.553398 0.195332 0.033981 0.036855
0 0.328883 0.260442 0.060680 0.108108
0 0.326456 0.339066 0.046117 0.049140
0 0.345874 0.400491 0.109223 0.063882
0 0.458738 0.390663 0.072816 0.054054
0 0.637136 0.379607 0.065534 0.071253
0 0.777913 0.351351 0.065534 0.049140
0 0.751214 0.025799 0.075243 0.046683
0 0.739078 0.089681 0.065534 0.085995
0 0.802184 0.122850 0.050971 0.058968
0 0.905340 0.264128 0.101942 0.135135
0 0.983010 0.186732 0.029126 0.054054
0 0.921117 0.367322 0.036408 0.056511
0 0.983010 0.383292 0.033981 0.034398
0 0.866505 0.450860 0.126214 0.081081
0 0.899272 0.573710 0.055825 0.159705
0 0.929612 0.630221 0.024272 0.036855
0 0.946602 0.549140 0.033981 0.027027
0 0.970874 0.616708 0.058252 0.063882
0 0.981796 0.663391 0.036408 0.034398
0 0.870146 0.728501 0.055825 0.041769
0 0.788835 0.659705 0.111650 0.066339
0 0.763350 0.558968 0.065534 0.125307
0 0.757282 0.461916 0.038835 0.058968
0 0.697816 0.504914 0.060680 0.125307
0 0.701456 0.636364 0.067961 0.122850
0 0.593447 0.633907 0.109223 0.058968
0 0.540049 0.539312 0.046117 0.071253
0 0.481796 0.463145 0.031553 0.036855
0 0.424757 0.513514 0.048544 0.108108
0 0.282767 0.517199 0.123786 0.061425
0 0.368932 0.582310 0.048544 0.117936
0 0.444175 0.642506 0.058252 0.076167
0 0.415049 0.713759 0.024272 0.031941
0 0.421117 0.750614 0.026699 0.027027
0 0.495146 0.738329 0.038835 0.081081
0 0.453883 0.719902 0.038835 0.054054
0 0.195388 0.582310 0.046117 0.068796
0 0.194175 0.665848 0.058252 0.093366
0 0.061893 0.687961 0.114078 0.058968
0 0.304612 0.740786 0.050971 0.041769
0 0.260922 0.771499 0.026699 0.024570
