0 0.167331 0.083726 0.027888 0.068396
0 0.244024 0.260613 0.045817 0.040094
0 0.240040 0.215802 0.053785 0.021226
0 0.280876 0.228774 0.035857 0.051887
0 0.365538 0.209906 0.033865 0.061321
0 0.553785 0.067217 0.071713 0.049528
0 0.529880 0.122642 0.035857 0.061321
0 0.517928 0.225236 0.027888 0.049528
0 0.626494 0.318396 0.033865 0.080189
0 0.602590 0.494104 0.029880 0.054245
0 0.585657 0.589623 0.035857 0.028302
0 0.699203 0.481132 0.039841 0.080189
0 0.648406 0.696934 0.033865 0.054245
0 0.668327 0.911557 0.041833 0.110849
0 0.771912 0.889151 0.053785 0.061321
0 0.735060 0.672170 0.031873 0.066038
0 0.928287 0.596698 0.027888 0.089623
0 0.843625 0.358491 0.057769 0.202830
0 0.947211 0.425708 0.097610 0.030660
0 0.767928 0.170991 0.033865 0.058962
0 0.766932 0.121462 0.023904 0.040094
0 0.802789 0.123821 0.043825 0.025943
0 0.922311 0.242925 0.131474 0.051887
0 0.961155 0.141509 0.045817 0.132075
0 0.881474 0.091981 0.109562 0.047170
0 0.883466 0.049528 0.073705 0.051887
0 0.982072 0.729953 0.031873 0.021226
