0 0.241959 0.110973 0.030702 0.047382
0 0.237573 0.157107 0.030702 0.047382
0 0.236111 0.205736 0.036550 0.054863
0 0.321637 0.068579 0.070175 0.029925
0 0.271199 0.076060 0.027778 0.022444
0 0.359649 0.110973 0.035088 0.057357
0 0.360380 0.158978 0.042398 0.043641
0 0.299708 0.198254 0.052632 0.044888
0 0.361842 0.197007 0.039474 0.034913
0 0.402047 0.262469 0.046784 0.105985
0 0.336257 0.314838 0.061404 0.043641
0 0.600146 0.190773 0.045322 0.042394
0 0.624269 0.220075 0.026316 0.036160
0 0.682018 0.223815 0.054094 0.028678
0 0.824561 0.213840 0.087719 0.053616
0 0.725146 0.264339 0.032164 0.042394
0 0.447368 0.297382 0.038012 0.036160
0 0.497076 0.273691 0.020468 0.023691
0 0.519006 0.311721 0.026316 0.037406
0 0.665936 0.413342 0.051170 0.091022
0 0.585526 0.503117 0.051170 0.043641
0 0.524123 0.417706 0.059942 0.027431
0 0.611842 0.416459 0.068713 0.047382
0 0.471491 0.432668 0.045322 0.027431
0 0.513158 0.460100 0.052632 0.057357
0 0.439327 0.487531 0.036550 0.047382
0 0.477339 0.489401 0.036550 0.031172
0 0.323830 0.454489 0.054094 0.023691
0 0.377193 0.512469 0.035088 0.072319
0 0.340643 0.546135 0.038012 0.022444
0 0.338450 0.588529 0.039474 0.024938
0 0.388158 0.583541 0.054094 0.032419
0 0.356725 0.625312 0.058480 0.031172
0 0.389620 0.694514 0.036550 0.029925
0 0.512427 0.692643 0.059942 0.036160
0 0.804825 0.490648 0.042398 0.036160
0 0.869152 0.478803 0.054094 0.034913
0 0.933480 0.552369 0.036550 0.074813
0 0.869883 0.586658 0.061404 0.046135
0 0.910819 0.610973 0.020468 0.032419
0 0.649854 0.556733 0.039474 0.033666
0 0.375000 0.733167 0.054094 0.034913
0 0.293129 0.786160 0.036550 0.043641
0 0.300439 0.873441 0.036550 0.046135
0 0.342105 0.929551 0.038012 0.038653
0 0.375000 0.803616 0.045322 0.026185
0 0.422515 0.773691 0.038012 0.061097
0 0.454678 0.782419 0.032164 0.068579
0 0.459795 0.703242 0.033626 0.027431
0 0.534357 0.762469 0.083333 0.023691
0 0.485380 0.828554 0.040936 0.031172
0 0.530702 0.817955 0.043860 0.027431
0 0.512427 0.899002 0.036550 0.042394
0 0.571637 0.874065 0.064327 0.032419
0 0.586988 0.839152 0.062865 0.037406
0 0.625731 0.865960 0.055556 0.033666
0 0.564327 0.971945 0.061404 0.038653
0 0.619883 0.976933 0.040936 0.036160
0 0.693713 0.923940 0.039474 0.049875
0 0.676170 0.858479 0.030702 0.023691
0 0.865497 0.976933 0.043860 0.028678
0 0.949561 0.907731 0.048246 0.037406
0 0.912281 0.947007 0.023392 0.018703
0 0.929094 0.801746 0.065789 0.029925
0 0.975877 0.758728 0.039474 0.046135
0 0.941520 0.715087 0.055556 0.036160
0 0.796053 0.782419 0.033626 0.046135
0 0.785088 0.832294 0.070175 0.038653
0 0.672515 0.798628 0.052632 0.028678
0 0.671053 0.738155 0.055556 0.032419
0 0.646930 0.705112 0.042398 0.026185
0 0.639620 0.652743 0.042398 0.056110
0 0.606725 0.624065 0.038012 0.036160
0 0.735380 0.611596 0.061404 0.038653
0 0.734649 0.673940 0.048246 0.061097
0 0.824561 0.670200 0.038012 0.046135
0 0.820175 0.619701 0.052632 0.032419
0 0.956871 0.451372 0.030702 0.054863
