0 0.218126 0.973236 0.039939 0.048662
0 0.403226 0.964720 0.047619 0.058394
0 0.591398 0.978710 0.024578 0.032847
0 0.758833 0.973844 0.049155 0.027981
0 0.746544 0.920925 0.021505 0.019465
0 0.705069 0.846715 0.033794 0.060827
0 0.805684 0.737226 0.029186 0.048662
0 0.493088 0.880779 0.036866 0.038929
0 0.377112 0.911800 0.069124 0.030414
0 0.218894 0.915450 0.053763 0.035280
0 0.106759 0.910584 0.062980 0.025547
0 0.146697 0.868613 0.035330 0.065693
0 0.016129 0.867397 0.029186 0.036496
0 0.069892 0.739659 0.084485 0.034063
0 0.112135 0.777372 0.043011 0.031630
0 0.142857 0.705596 0.033794 0.072993
0 0.208141 0.718370 0.072197 0.018248
0 0.247312 0.843066 0.036866 0.070560
0 0.354839 0.838808 0.043011 0.057178
0 0.302611 0.801703 0.070661 0.034063
0 0.514593 0.779805 0.070661 0.036496
0 0.553763 0.733577 0.035330 0.060827
0 0.405530 0.766423 0.033794 0.060827
0 0.254224 0.759732 0.035330 0.054745
0 0.391705 0.700730 0.033794 0.053528
0 0.303379 0.736618 0.038402 0.023114
0 0.266513 0.638078 0.044547 0.086375
0 0.376344 0.656326 0.052227 0.037713
0 0.514593 0.678224 0.070661 0.040146
0 0.669739 0.742092 0.027650 0.038929
0 0.688940 0.625304 0.035330 0.041363
0 0.604455 0.597324 0.044547 0.026764
0 0.764977 0.568735 0.039939 0.064477
0 0.516897 0.553528 0.044547 0.060827
0 0.592166 0.495742 0.050691 0.040146
0 0.650538 0.492092 0.053763 0.035280
0 0.686636 0.444647 0.033794 0.069343
0 0.635177 0.405718 0.072197 0.030414
0 0.476190 0.477494 0.058372 0.035280
0 0.536098 0.424574 0.043011 0.051095
0 0.651306 0.320560 0.055300 0.027981
0 0.675883 0.289538 0.036866 0.038929
0 0.683564 0.236010 0.055300 0.031630
0 0.257296 0.563869 0.069124 0.027981
0 0.303379 0.535280 0.056836 0.038929
0 0.033026 0.694039 0.044547 0.057178
0 0.072197 0.628954 0.036866 0.063260
0 0.026882 0.577251 0.050691 0.032847
0 0.026882 0.540754 0.050691 0.035280
0 0.052995 0.488443 0.044547 0.049878
0 0.215822 0.519465 0.023041 0.041363
0 0.180492 0.424574 0.032258 0.046229
0 0.394009 0.283455 0.044547 0.038929
0 0.450077 0.287105 0.058372 0.024331
0 0.369432 0.173358 0.047619 0.045012
0 0.221198 0.259124 0.033794 0.034063
0 0.142089 0.291363 0.041475 0.023114
0 0.082949 0.283455 0.052227 0.034063
0 0.096774 0.176399 0.076805 0.029197
0 0.119816 0.217153 0.043011 0.047445
0 0.176651 0.193431 0.043011 0.063260
0 0.271889 0.083942 0.061444 0.029197
0 0.138249 0.111922 0.039939 0.063260
0 0.024578 0.096107 0.033794 0.034063
0 0.117512 0.055961 0.056836 0.026764
0 0.125960 0.341849 0.055300 0.019465
