0 0.060921 0.121681 0.032689 0.051622
0 0.213967 0.061209 0.026746 0.066372
0 0.407875 0.110619 0.054978 0.041298
0 0.445022 0.168142 0.034175 0.047198
0 0.281575 0.241888 0.057949 0.047198
0 0.251857 0.344395 0.057949 0.030973
0 0.154532 0.431416 0.050520 0.081121
0 0.183507 0.482301 0.034175 0.032448
0 0.239227 0.494838 0.062407 0.048673
0 0.292719 0.481563 0.035661 0.028024
0 0.442793 0.373156 0.062407 0.038348
0 0.429421 0.455752 0.047548 0.032448
0 0.040119 0.573009 0.032689 0.042773
0 0.131501 0.617994 0.040119 0.073746
0 0.198366 0.640855 0.025260 0.057522
0 0.219911 0.567847 0.023774 0.038348
0 0.373700 0.578171 0.022288 0.053097
0 0.395245 0.655605 0.029718 0.028024
0 0.390045 0.685841 0.022288 0.029499
0 0.442793 0.668142 0.056464 0.044248
0 0.554978 0.291298 0.040119 0.057522
0 0.579495 0.125369 0.035661 0.035398
0 0.624071 0.197640 0.032689 0.038348
0 0.677563 0.205752 0.038633 0.025074
0 0.709510 0.212389 0.019316 0.023599
0 0.648588 0.134218 0.022288 0.020649
0 0.612927 0.157817 0.019316 0.023599
0 0.817979 0.063422 0.031204 0.064897
0 0.883358 0.021386 0.063893 0.030973
0 0.925706 0.080383 0.044577 0.057522
0 0.925706 0.143805 0.038633 0.057522
0 0.810550 0.149705 0.031204 0.051622
0 0.621842 0.279499 0.052006 0.025074
0 0.710253 0.284661 0.059435 0.032448
0 0.723626 0.326696 0.044577 0.054572
0 0.563150 0.359145 0.044577 0.075221
0 0.560178 0.440265 0.026746 0.054572
0 0.604755 0.457965 0.053492 0.030973
0 0.650817 0.460177 0.035661 0.026549
0 0.726597 0.384218 0.029718 0.054572
0 0.726597 0.442478 0.026746 0.053097
0 0.838782 0.349558 0.049034 0.041298
0 0.806835 0.426991 0.035661 0.081121
0 0.888559 0.357670 0.038633 0.028024
0 0.917533 0.412979 0.040119 0.050147
0 0.963596 0.315634 0.052006 0.035398
0 0.861070 0.449853 0.066865 0.023599
0 0.947994 0.541298 0.059435 0.032448
0 0.976969 0.585546 0.031204 0.044248
0 0.837296 0.545723 0.081724 0.029499
0 0.896731 0.601032 0.031204 0.054572
0 0.849926 0.654130 0.106984 0.028024
0 0.788262 0.567847 0.019316 0.029499
0 0.715453 0.533186 0.040119 0.063422
0 0.630015 0.557522 0.023774 0.038348
0 0.562407 0.599558 0.043091 0.078171
0 0.587667 0.672566 0.034175 0.038348
0 0.675334 0.658555 0.040119 0.075221
0 0.718425 0.593658 0.034175 0.045723
0 0.727340 0.660767 0.046062 0.073746
0 0.198366 0.851770 0.034175 0.025074
0 0.222883 0.884956 0.032689 0.038348
0 0.348440 0.977876 0.037147 0.029499
0 0.390045 0.963127 0.046062 0.035398
0 0.328380 0.931416 0.035661 0.048673
0 0.332838 0.876844 0.032689 0.060472
0 0.382615 0.831858 0.037147 0.017699
0 0.443536 0.852507 0.046062 0.026549
0 0.441308 0.960177 0.017831 0.023599
0 0.523774 0.853245 0.046062 0.025074
0 0.580981 0.895280 0.032689 0.050147
0 0.554978 0.942478 0.034175 0.020649
0 0.705052 0.886431 0.096582 0.035398
0 0.887816 0.860619 0.046062 0.028024
0 0.924963 0.928466 0.046062 0.060472
0 0.878158 0.972714 0.044577 0.025074
0 0.823180 0.959440 0.029718 0.042773
