0 0.732929 0.340630 0.036419 0.068301
0 0.679818 0.288091 0.066768 0.040280
0 0.818665 0.319615 0.037936 0.026270
0 0.493930 0.576182 0.050076 0.028021
0 0.553869 0.729422 0.030349 0.019264
0 0.424127 0.836252 0.037936 0.033275
0 0.467375 0.894921 0.027314 0.031524
0 0.556904 0.942207 0.048558 0.035026
0 0.584977 0.985989 0.019727 0.028021
0 0.898331 0.867776 0.036419 0.033275
0 0.955994 0.943082 0.030349 0.061296
0 0.856601 0.662872 0.056146 0.029772
0 0.815630 0.673380 0.019727 0.029772
0 0.791351 0.638354 0.031866 0.057793
0 0.738998 0.614711 0.036419 0.028021
