0 0.181507 0.044218 0.075342 0.047619
0 0.038527 0.022109 0.056507 0.037415
0 0.553938 0.173469 0.070205 0.051020
0 0.597603 0.055272 0.044521 0.052721
0 0.651541 0.107143 0.032534 0.112245
0 0.833048 0.096939 0.049658 0.037415
0 0.916096 0.062075 0.058219 0.049320
0 0.892979 0.143707 0.053082 0.096939
0 0.874144 0.245748 0.080479 0.062925
0 0.767979 0.268707 0.039384 0.064626
0 0.812500 0.228741 0.029110 0.052721
0 0.720890 0.204932 0.068493 0.045918
0 0.601884 0.220238 0.094178 0.049320
0 0.623288 0.281463 0.044521 0.066327
0 0.703767 0.350340 0.075342 0.051020
0 0.665240 0.311224 0.025685 0.030612
0 0.677226 0.265306 0.032534 0.047619
0 0.577055 0.335034 0.065068 0.040816
0 0.510274 0.285714 0.051370 0.108844
0 0.458048 0.289966 0.053082 0.103741
0 0.388699 0.220238 0.099315 0.049320
0 0.316781 0.219388 0.041096 0.034014
0 0.301370 0.156463 0.044521 0.051020
0 0.252568 0.173469 0.053082 0.071429
0 0.188356 0.181122 0.065068 0.049320
0 0.110445 0.181122 0.035959 0.018707
0 0.029966 0.178571 0.049658 0.044218
0 0.024829 0.324830 0.046233 0.040816
0 0.025685 0.367347 0.047945 0.034014
0 0.053082 0.417517 0.034247 0.069728
0 0.103596 0.455782 0.035959 0.061224
0 0.029966 0.576531 0.056507 0.085034
0 0.119007 0.561224 0.080479 0.132653
0 0.123288 0.219388 0.027397 0.034014
0 0.140411 0.260204 0.027397 0.037415
0 0.154110 0.318878 0.044521 0.073129
0 0.224315 0.366497 0.095890 0.045918
0 0.302226 0.373299 0.056507 0.045918
0 0.375856 0.368197 0.080479 0.045918
0 0.439212 0.366497 0.032534 0.022109
0 0.465753 0.379252 0.027397 0.027211
0 0.619863 0.477041 0.095890 0.049320
0 0.605308 0.435374 0.039384 0.023810
0 0.639555 0.406463 0.035959 0.064626
0 0.685788 0.596088 0.070205 0.093537
0 0.702911 0.549320 0.032534 0.030612
0 0.858733 0.452381 0.035959 0.054422
0 0.944349 0.576531 0.097603 0.047619
0 0.965753 0.882653 0.068493 0.064626
0 0.304795 0.916667 0.198630 0.149660
0 0.124144 0.854592 0.073630 0.079932
0 0.059075 0.847789 0.049658 0.042517
0 0.025685 0.800170 0.047945 0.069728
0 0.230308 0.495748 0.066781 0.052721
0 0.164384 0.647109 0.095890 0.056122
0 0.238014 0.562925 0.065068 0.085034
0 0.291096 0.609694 0.047945 0.066327
0 0.239726 0.639456 0.058219 0.051020
0 0.296233 0.684524 0.082192 0.056122
0 0.406678 0.736395 0.080479 0.105442
0 0.042808 0.721088 0.082192 0.068027
0 0.109589 0.743197 0.054795 0.064626
0 0.158390 0.778912 0.049658 0.088435
0 0.495719 0.558673 0.046233 0.032313
0 0.292808 0.508503 0.054795 0.037415
0 0.226884 0.407313 0.070205 0.035714
0 0.298801 0.420068 0.073630 0.051020
