0 0.095413 0.046039 0.066055 0.044968
0 0.078899 0.169165 0.088073 0.072805
0 0.046789 0.209850 0.089908 0.055675
0 0.040367 0.328694 0.069725 0.044968
0 0.236697 0.342612 0.099083 0.055675
0 0.318349 0.258030 0.056881 0.040685
0 0.316514 0.305139 0.053211 0.049251
0 0.159633 0.189507 0.062385 0.040685
0 0.155963 0.222698 0.051376 0.025696
0 0.154128 0.109208 0.055046 0.077088
0 0.210092 0.014989 0.034862 0.025696
0 0.285321 0.118844 0.045872 0.057816
0 0.513761 0.199143 0.106422 0.059957
0 0.715596 0.312634 0.055046 0.072805
0 0.739450 0.149893 0.029358 0.034261
0 0.784404 0.184154 0.034862 0.064240
0 0.833028 0.097430 0.099083 0.066381
0 0.914679 0.134904 0.060550 0.051392
0 0.906422 0.087794 0.036697 0.025696
0 0.967890 0.200214 0.034862 0.122056
0 0.967890 0.282655 0.049541 0.038544
0 0.901835 0.202355 0.034862 0.074946
0 0.856881 0.283726 0.102752 0.053533
0 0.913761 0.310493 0.025688 0.025696
0 0.786239 0.241970 0.034862 0.034261
0 0.822936 0.364026 0.133945 0.034261
0 0.879817 0.394004 0.034862 0.029979
0 0.213761 0.603854 0.016514 0.025696
0 0.089908 0.653105 0.040367 0.025696
0 0.043119 0.676660 0.082569 0.055675
0 0.054128 0.717345 0.060550 0.034261
0 0.054128 0.750535 0.049541 0.044968
0 0.116514 0.763383 0.049541 0.036403
0 0.111927 0.718415 0.029358 0.032120
0 0.165138 0.724839 0.058716 0.053533
0 0.220183 0.814775 0.040367 0.096360
0 0.127523 0.847966 0.060550 0.102784
0 0.177064 0.890792 0.078899 0.055675
0 0.062385 0.916488 0.051376 0.038544
0 0.164220 0.966809 0.089908 0.032120
0 0.369725 0.780514 0.126606 0.070664
0 0.268807 0.661670 0.023853 0.038544
0 0.293578 0.649893 0.022018 0.023555
0 0.496330 0.717345 0.053211 0.089936
0 0.495413 0.783726 0.040367 0.034261
0 0.568807 0.675589 0.084404 0.044968
0 0.647706 0.656317 0.069725 0.057816
0 0.647706 0.754818 0.055046 0.147752
0 0.605505 0.860814 0.095413 0.055675
0 0.663303 0.856531 0.031193 0.034261
0 0.685321 0.908994 0.027523 0.023555
0 0.741284 0.902570 0.044037 0.036403
0 0.730275 0.718415 0.084404 0.070664
0 0.854128 0.660600 0.038532 0.066381
0 0.844954 0.721627 0.038532 0.055675
0 0.807339 0.800857 0.033028 0.055675
0 0.989908 0.763383 0.020183 0.083512
