0 0.071042 0.305703 0.025710 0.038462
0 0.132612 0.273873 0.018945 0.033156
0 0.134641 0.310345 0.023004 0.031830
0 0.240866 0.329576 0.032476 0.038462
0 0.516915 0.148541 0.037889 0.026525
0 0.843708 0.059682 0.036536 0.026525
0 0.835589 0.129310 0.028417 0.033156
0 0.843031 0.380637 0.040595 0.029178
0 0.871448 0.407825 0.018945 0.033156
0 0.882273 0.459549 0.029770 0.054377
0 0.442490 0.187003 0.024357 0.034483
0 0.290257 0.781167 0.047361 0.026525
0 0.450609 0.849469 0.035183 0.038462
0 0.331529 0.866048 0.027064 0.045093
0 0.288904 0.907162 0.079838 0.037135
0 0.340325 0.928382 0.017591 0.021220
