0 0.220467 0.231804 0.042582 0.030063
0 0.260989 0.248418 0.035714 0.063291
0 0.133929 0.392405 0.020604 0.018987
0 0.359890 0.085443 0.016484 0.044304
0 0.381181 0.323576 0.059066 0.045886
0 0.422390 0.366297 0.020604 0.045886
0 0.363324 0.447785 0.075549 0.044304
0 0.414148 0.410601 0.020604 0.023734
0 0.398352 0.387658 0.016484 0.015823
0 0.511676 0.230222 0.028846 0.055380
0 0.585165 0.221519 0.030220 0.053797
0 0.639423 0.297468 0.020604 0.037975
0 0.711538 0.364715 0.024725 0.042722
0 0.635989 0.047468 0.024725 0.034810
0 0.787088 0.295095 0.035714 0.045886
0 0.688874 0.411392 0.039835 0.028481
0 0.561813 0.432753 0.032967 0.023734
0 0.605769 0.482595 0.021978 0.041139
0 0.559753 0.519778 0.031593 0.030063
0 0.447802 0.562500 0.032967 0.061709
0 0.388736 0.564082 0.027473 0.064873
0 0.245192 0.596519 0.045330 0.028481
0 0.146978 0.794304 0.054945 0.044304
0 0.219780 0.813291 0.046703 0.025316
0 0.129121 0.871044 0.027473 0.039557
0 0.197115 0.943829 0.034341 0.030063
0 0.309066 0.871044 0.046703 0.058544
0 0.298077 0.791139 0.052198 0.031646
0 0.333104 0.751582 0.028846 0.037975
0 0.287088 0.719937 0.041209 0.028481
0 0.573489 0.787184 0.023352 0.052215
0 0.607143 0.750791 0.049451 0.033228
0 0.655907 0.765823 0.042582 0.069620
0 0.629808 0.857595 0.026099 0.025316
0 0.842033 0.799842 0.024725 0.030063
0 0.809066 0.726266 0.030220 0.060127
0 0.767857 0.670886 0.041209 0.031646
0 0.720467 0.685918 0.037088 0.039557
0 0.557005 0.594937 0.023352 0.025316
0 0.659341 0.617089 0.030220 0.037975
0 0.663462 0.562500 0.021978 0.045886
0 0.735577 0.527690 0.042582 0.033228
