0 0.476596 0.139161 0.045390 0.026573
0 0.519858 0.160839 0.035461 0.053147
0 0.512057 0.201399 0.036879 0.030769
0 0.514184 0.237762 0.021277 0.025175
0 0.483688 0.254545 0.039716 0.022378
0 0.452482 0.244056 0.019858 0.020979
0 0.566667 0.410490 0.041135 0.040559
0 0.607801 0.436364 0.032624 0.041958
0 0.607092 0.476224 0.034043 0.034965
0 0.608511 0.514685 0.034043 0.039161
0 0.524113 0.452448 0.043972 0.032168
0 0.485106 0.458042 0.028369 0.020979
0 0.422695 0.551748 0.048227 0.034965
0 0.461702 0.549650 0.032624 0.033566
0 0.524113 0.554545 0.018440 0.032168
0 0.419149 0.611189 0.029787 0.019580
0 0.449645 0.612587 0.031206 0.027972
0 0.495745 0.618182 0.058156 0.033566
0 0.539007 0.595804 0.025532 0.036364
0 0.572340 0.626573 0.029787 0.041958
