0 0.201418 0.066176 0.036879 0.083333
0 0.075887 0.237745 0.049645 0.027778
0 0.212766 0.228758 0.056738 0.039216
0 0.326241 0.153595 0.022695 0.039216
0 0.485816 0.122549 0.029787 0.049020
0 0.429078 0.216503 0.052482 0.034314
0 0.356028 0.320261 0.034043 0.055556
0 0.197872 0.507353 0.029787 0.047386
0 0.392908 0.893791 0.031206 0.032680
0 0.532624 0.915850 0.043972 0.040850
0 0.800709 0.968137 0.038298 0.037582
0 0.914894 0.692810 0.022695 0.035948
0 0.860284 0.709967 0.021277 0.034314
0 0.804255 0.597222 0.028369 0.031046
0 0.573050 0.684641 0.028369 0.032680
0 0.654610 0.491830 0.029787 0.039216
0 0.426241 0.544935 0.021277 0.040850
0 0.434752 0.592320 0.041135 0.040850
0 0.435461 0.348856 0.034043 0.034314
0 0.616312 0.232026 0.032624 0.029412
0 0.653191 0.294118 0.032624 0.049020
0 0.782979 0.154412 0.039716 0.076797
0 0.758156 0.079248 0.032624 0.063725
0 0.778014 0.029412 0.015603 0.029412
