0 0.222704 0.068462 0.036395 0.047692
0 0.324957 0.113846 0.050260 0.049231
0 0.279896 0.144615 0.057192 0.033846
0 0.292028 0.181538 0.091854 0.043077
0 0.386482 0.187692 0.076256 0.043077
0 0.461872 0.199231 0.057192 0.050769
0 0.413345 0.259231 0.057192 0.078462
0 0.418544 0.338462 0.060659 0.076923
0 0.187175 0.136923 0.086655 0.061538
0 0.112652 0.156154 0.041594 0.047692
0 0.073657 0.210769 0.074523 0.086154
0 0.138648 0.206923 0.072790 0.047692
0 0.210572 0.199231 0.029463 0.038462
0 0.255633 0.238462 0.043328 0.052308
0 0.188908 0.260769 0.051993 0.066154
0 0.056326 0.286923 0.050260 0.056923
0 0.117851 0.272308 0.034662 0.024615
0 0.316291 0.324615 0.071057 0.052308
0 0.359619 0.353846 0.039861 0.030769
0 0.525997 0.319231 0.050260 0.047692
0 0.571924 0.366154 0.048527 0.064615
0 0.467938 0.380000 0.038128 0.049231
0 0.550260 0.440000 0.105719 0.033846
0 0.070191 0.353077 0.050260 0.050769
0 0.131716 0.340769 0.062392 0.032308
0 0.258232 0.360769 0.076256 0.060000
0 0.330156 0.390769 0.074523 0.058462
0 0.152513 0.413077 0.062392 0.075385
0 0.202773 0.420769 0.055459 0.075385
0 0.094454 0.424615 0.043328 0.036923
0 0.059792 0.460000 0.060659 0.040000
0 0.055459 0.539231 0.048527 0.032308
0 0.015598 0.538462 0.027730 0.033846
0 0.297227 0.460769 0.067591 0.056923
0 0.345754 0.478462 0.025997 0.030769
0 0.238302 0.566923 0.060659 0.072308
0 0.329289 0.565385 0.107452 0.069231
0 0.344021 0.630769 0.064125 0.070769
0 0.055459 0.611538 0.031196 0.032308
0 0.084922 0.654615 0.103986 0.044615
0 0.124783 0.704615 0.058925 0.055385
0 0.031196 0.712308 0.045061 0.043077
0 0.029463 0.843077 0.055459 0.110769
0 0.061525 0.951538 0.074523 0.075385
0 0.422877 0.622308 0.048527 0.035385
0 0.463605 0.505385 0.029463 0.050769
0 0.623917 0.510000 0.045061 0.047692
0 0.587522 0.595385 0.034662 0.043077
0 0.642114 0.710769 0.213172 0.129231
0 0.762565 0.657692 0.045061 0.069231
0 0.822357 0.566923 0.022530 0.035385
0 0.922010 0.686923 0.062392 0.078462
0 0.788562 0.730000 0.062392 0.063077
0 0.646447 0.910769 0.062392 0.070769
0 0.930676 0.910769 0.055459 0.067692
0 0.649913 0.826154 0.076256 0.064615
