0 0.094295 0.418624 0.052298 0.045302
0 0.374010 0.073826 0.041204 0.087248
0 0.421553 0.141779 0.066561 0.048658
0 0.507924 0.082215 0.045959 0.087248
0 0.404913 0.249161 0.074485 0.038591
0 0.484152 0.261745 0.039620 0.073826
0 0.598257 0.260067 0.058637 0.053691
0 0.735341 0.187081 0.104596 0.041946
0 0.870840 0.036074 0.033281 0.045302
0 0.970681 0.044463 0.033281 0.065436
0 0.866878 0.201342 0.079239 0.046980
0 0.800317 0.234060 0.031696 0.055369
0 0.913629 0.281879 0.026941 0.057047
0 0.831220 0.536074 0.042789 0.085570
0 0.765452 0.581376 0.050713 0.038591
0 0.820919 0.636745 0.050713 0.062081
0 0.522187 0.569631 0.052298 0.035235
0 0.603803 0.661074 0.050713 0.077181
0 0.707607 0.657718 0.036450 0.060403
0 0.706815 0.728188 0.053883 0.046980
0 0.493661 0.687919 0.049128 0.063758
0 0.232964 0.705537 0.060222 0.038591
0 0.291601 0.687919 0.044374 0.050336
0 0.416006 0.815436 0.036450 0.073826
0 0.627575 0.961409 0.076070 0.053691
