0 0.173363 0.174487 0.025298 0.035191
0 0.151786 0.225073 0.038690 0.024927
0 0.104911 0.224340 0.040179 0.020528
0 0.194940 0.337243 0.035714 0.043988
0 0.631696 0.186950 0.022321 0.039589
0 0.638393 0.225073 0.032738 0.039589
0 0.762649 0.194282 0.028274 0.033724
0 0.766369 0.230205 0.023810 0.032258
0 0.662202 0.293988 0.029762 0.024927
0 0.313988 0.826979 0.044643 0.035191
0 0.659970 0.762463 0.028274 0.046921
0 0.665923 0.826979 0.028274 0.032258
0 0.768601 0.908358 0.037202 0.036657
0 0.784970 0.840909 0.040179 0.051320
0 0.771577 0.793988 0.037202 0.051320
