0 0.179970 0.142373 0.040663 0.030508
0 0.149096 0.202542 0.033133 0.049153
0 0.130271 0.218644 0.031627 0.037288
0 0.097139 0.227966 0.040663 0.038983
0 0.109940 0.272034 0.021084 0.049153
0 0.205572 0.258475 0.034639 0.069492
0 0.217620 0.323729 0.031627 0.054237
0 0.192018 0.377119 0.031627 0.028814
0 0.568524 0.440678 0.022590 0.030508
0 0.572289 0.405932 0.015060 0.028814
0 0.655873 0.376271 0.040663 0.023729
0 0.686747 0.433051 0.033133 0.069492
0 0.656627 0.547458 0.024096 0.030508
0 0.936747 0.189831 0.036145 0.030508
