0 0.240228 0.114887 0.024430 0.025890
0 0.272801 0.168285 0.027687 0.061489
0 0.270358 0.222492 0.026059 0.046926
0 0.153909 0.220065 0.027687 0.048544
0 0.252443 0.405340 0.039088 0.024272
0 0.092834 0.468447 0.032573 0.024272
0 0.118893 0.503236 0.026059 0.032362
0 0.118893 0.807443 0.026059 0.029126
0 0.512215 0.511327 0.017915 0.025890
0 0.567590 0.561489 0.040717 0.035599
0 0.593648 0.502427 0.021173 0.037217
0 0.570033 0.470065 0.042345 0.037217
0 0.746743 0.562298 0.024430 0.027508
0 0.843648 0.440129 0.026059 0.061489
