0 0.389857 0.078947 0.038035 0.034483
0 0.350238 0.137931 0.025357 0.036298
0 0.446910 0.072595 0.031696 0.072595
0 0.451664 0.147913 0.022187 0.074410
0 0.640254 0.154265 0.028526 0.050817
0 0.637084 0.200544 0.022187 0.030853
0 0.915214 0.280399 0.049128 0.041742
0 0.935816 0.324864 0.033281 0.047187
0 0.717908 0.421053 0.019017 0.039927
0 0.321712 0.468240 0.028526 0.025408
0 0.354992 0.538113 0.025357 0.052632
0 0.248811 0.688748 0.025357 0.034483
0 0.189382 0.788566 0.030111 0.041742
0 0.188590 0.841198 0.025357 0.027223
0 0.153724 0.877495 0.028526 0.027223
0 0.758320 0.785844 0.026941 0.047187
0 0.722662 0.690563 0.050713 0.041742
