0 0.233979 0.038400 0.026826 0.048000
0 0.049925 0.164000 0.025335 0.040000
0 0.038003 0.213600 0.034277 0.020800
0 0.119225 0.257600 0.038748 0.035200
0 0.082712 0.370400 0.043219 0.040000
0 0.099106 0.440800 0.028316 0.052800
0 0.099851 0.494400 0.029806 0.048000
0 0.447094 0.404000 0.020864 0.043200
0 0.522355 0.684000 0.049180 0.043200
0 0.561103 0.735200 0.046200 0.049600
0 0.560358 0.808800 0.044709 0.062400
0 0.510432 0.849600 0.046200 0.032000
0 0.432936 0.820800 0.022355 0.051200
0 0.956781 0.465600 0.032787 0.054400
0 0.916542 0.123200 0.023845 0.038400
