0 0.213986 0.045775 0.030769 0.026761
0 0.251049 0.107042 0.032168 0.076056
0 0.249650 0.168310 0.034965 0.052113
0 0.116084 0.164789 0.030769 0.056338
0 0.050350 0.447183 0.036364 0.032394
0 0.079021 0.483099 0.026573 0.036620
0 0.225874 0.375352 0.037762 0.026761
0 0.079720 0.826761 0.030769 0.036620
0 0.577622 0.551408 0.036364 0.040845
0 0.513986 0.498592 0.020979 0.033803
0 0.581818 0.446479 0.047552 0.042254
0 0.608392 0.481690 0.022378 0.039437
0 0.883916 0.410563 0.025175 0.066197
0 0.781818 0.555634 0.036364 0.038028
