0 0.819767 0.097162 0.031008 0.076419
0 0.718023 0.049127 0.029070 0.024017
0 0.754845 0.051310 0.017442 0.024017
0 0.682171 0.102620 0.023256 0.034934
0 0.861434 0.222707 0.040698 0.100437
0 0.255814 0.368996 0.031008 0.056769
0 0.311047 0.415939 0.036822 0.037118
0 0.335271 0.365721 0.023256 0.067686
0 0.367248 0.410480 0.032946 0.030568
0 0.430233 0.389738 0.038760 0.058952
0 0.666667 0.426856 0.050388 0.045852
0 0.726744 0.446507 0.065891 0.037118
0 0.794574 0.460699 0.038760 0.039301
0 0.809109 0.518559 0.029070 0.054585
0 0.805233 0.587336 0.044574 0.078603
0 0.736434 0.531659 0.034884 0.024017
0 0.164729 0.662664 0.031008 0.041485
0 0.142442 0.704148 0.052326 0.063319
0 0.210271 0.658297 0.036822 0.037118
0 0.246124 0.767467 0.046512 0.054585
0 0.141473 0.903930 0.046512 0.052402
0 0.379845 0.849345 0.058140 0.052402
0 0.541667 0.635371 0.048450 0.039301
0 0.577519 0.700873 0.042636 0.061135
0 0.558140 0.829694 0.034884 0.030568
0 0.653101 0.710699 0.031008 0.050218
0 0.651163 0.755459 0.031008 0.043668
0 0.794574 0.746725 0.038760 0.065502
0 0.793605 0.693231 0.029070 0.045852
0 0.801357 0.652838 0.036822 0.048035
0 0.653101 0.633188 0.062016 0.043668
0 0.707364 0.639738 0.034884 0.034934
0 0.746124 0.650655 0.038760 0.039301
0 0.627907 0.493450 0.034884 0.109170
0 0.947674 0.717249 0.050388 0.058952
