0 0.162541 0.051158 0.061056 0.040541
0 0.140264 0.095560 0.023102 0.044402
0 0.017327 0.091699 0.031353 0.067568
0 0.050330 0.191120 0.051155 0.061776
0 0.202145 0.138996 0.103960 0.061776
0 0.225248 0.063707 0.051155 0.096525
0 0.338284 0.034749 0.069307 0.054054
0 0.334983 0.090734 0.029703 0.061776
0 0.398515 0.039575 0.051155 0.075290
0 0.416667 0.113900 0.047855 0.065637
0 0.268977 0.191120 0.046205 0.042471
0 0.330033 0.157336 0.056106 0.036680
0 0.308581 0.196911 0.026403 0.038610
0 0.333333 0.194981 0.026403 0.038610
0 0.344884 0.239382 0.033003 0.042471
0 0.243399 0.223938 0.028053 0.027027
0 0.153465 0.225869 0.046205 0.073359
0 0.070132 0.269305 0.037954 0.067568
0 0.028053 0.286680 0.052805 0.048263
0 0.193069 0.331081 0.072607 0.140927
0 0.252475 0.322394 0.052805 0.131274
0 0.246700 0.406371 0.034653 0.025097
0 0.367987 0.289575 0.036304 0.065637
0 0.352310 0.344595 0.077558 0.048263
0 0.413366 0.188224 0.100660 0.063707
0 0.440594 0.232625 0.046205 0.059846
0 0.426568 0.287645 0.077558 0.046332
0 0.511551 0.061776 0.069307 0.054054
0 0.568482 0.092664 0.044554 0.038610
0 0.628713 0.099421 0.056106 0.044402
0 0.694719 0.035714 0.036304 0.055985
0 0.556106 0.169884 0.062706 0.050193
0 0.553630 0.127413 0.028053 0.038610
0 0.660066 0.164093 0.036304 0.061776
0 0.623762 0.148649 0.023102 0.023166
0 0.616337 0.198842 0.044554 0.034749
0 0.613861 0.273166 0.066007 0.117761
0 0.539604 0.230695 0.026403 0.036680
0 0.589934 0.369691 0.018152 0.048263
0 0.651815 0.309846 0.023102 0.059846
0 0.632013 0.362934 0.059406 0.042471
0 0.676568 0.241313 0.033003 0.065637
0 0.753300 0.070463 0.061056 0.040541
0 0.817657 0.098456 0.064356 0.034749
0 0.825083 0.136100 0.069307 0.059846
0 0.829208 0.179537 0.070957 0.042471
0 0.944719 0.067568 0.070957 0.054054
0 0.938944 0.127413 0.052805 0.073359
0 0.956271 0.188224 0.044554 0.063707
0 0.985149 0.146718 0.029703 0.050193
0 0.984323 0.260618 0.031353 0.057915
0 0.855611 0.227799 0.080858 0.054054
0 0.850660 0.286680 0.100660 0.067568
0 0.905116 0.356178 0.067657 0.106178
0 0.932343 0.440154 0.075908 0.042471
0 0.897690 0.487452 0.029703 0.052124
0 0.950495 0.481660 0.033003 0.040541
0 0.889439 0.534749 0.026403 0.038610
0 0.849010 0.523166 0.028053 0.050193
0 0.839109 0.567568 0.044554 0.038610
0 0.888614 0.572394 0.044554 0.040541
0 0.935644 0.565637 0.042904 0.042471
0 0.831683 0.654440 0.049505 0.038610
0 0.883663 0.686293 0.028053 0.052124
0 0.909241 0.668919 0.036304 0.048263
0 0.992574 0.697876 0.014851 0.113900
0 0.967822 0.729730 0.037954 0.042471
0 0.921617 0.719112 0.041254 0.055985
0 0.883663 0.731660 0.031353 0.038610
0 0.723597 0.692085 0.028053 0.113900
0 0.768152 0.715251 0.057756 0.059846
0 0.787954 0.664093 0.021452 0.046332
0 0.831683 0.728764 0.056106 0.044402
0 0.873762 0.814672 0.037954 0.057915
0 0.953795 0.792471 0.036304 0.086873
0 0.929043 0.851351 0.052805 0.023166
0 0.879538 0.892857 0.046205 0.075290
0 0.971122 0.885135 0.024752 0.052124
0 0.952970 0.919884 0.021452 0.025097
0 0.820132 0.834942 0.062706 0.028958
0 0.830033 0.866795 0.023102 0.057915
0 0.797030 0.882239 0.026403 0.065637
0 0.799505 0.945946 0.028053 0.054054
0 0.831683 0.926641 0.029703 0.057915
0 0.841584 0.982625 0.052805 0.030888
0 0.478548 0.981660 0.102310 0.036680
0 0.084983 0.952703 0.037954 0.055985
0 0.143564 0.950772 0.039604 0.052124
0 0.166667 0.990347 0.036304 0.019305
0 0.240099 0.936293 0.044554 0.065637
0 0.296205 0.894788 0.067657 0.055985
0 0.026403 0.897683 0.049505 0.042471
0 0.044554 0.835907 0.033003 0.069498
0 0.067657 0.892857 0.029703 0.044402
0 0.090759 0.874517 0.052805 0.073359
0 0.155941 0.847490 0.044554 0.061776
0 0.170792 0.886100 0.028053 0.027027
0 0.182343 0.794402 0.031353 0.052124
0 0.031353 0.787645 0.059406 0.038610
0 0.097360 0.787645 0.069307 0.046332
0 0.237624 0.750965 0.069307 0.030888
0 0.229373 0.858108 0.042904 0.055985
0 0.368812 0.842664 0.018152 0.021236
0 0.378713 0.873552 0.024752 0.028958
0 0.467822 0.827220 0.051155 0.036680
0 0.516502 0.750965 0.036304 0.069498
0 0.558581 0.704633 0.047855 0.046332
0 0.600660 0.677606 0.036304 0.027027
0 0.638614 0.715251 0.033003 0.071429
0 0.665017 0.774131 0.039604 0.050193
0 0.632013 0.781853 0.029703 0.057915
0 0.599010 0.753861 0.033003 0.025097
0 0.562706 0.746139 0.029703 0.036680
0 0.581683 0.786680 0.054455 0.036680
0 0.683993 0.848456 0.054455 0.044402
0 0.695545 0.880309 0.074257 0.027027
0 0.722772 0.923745 0.042904 0.052124
0 0.708746 0.975869 0.054455 0.044402
0 0.580033 0.941120 0.064356 0.052124
0 0.643564 0.938224 0.029703 0.050193
0 0.603135 0.888996 0.054455 0.044402
0 0.558581 0.888031 0.031353 0.050193
0 0.500825 0.927606 0.037954 0.059846
0 0.421617 0.934363 0.037954 0.046332
0 0.510726 0.875483 0.037954 0.044402
0 0.511551 0.848456 0.016502 0.025097
0 0.767327 0.864865 0.029703 0.042471
0 0.748350 0.814672 0.028053 0.054054
0 0.773927 0.812741 0.019802 0.050193
0 0.761551 0.775097 0.054455 0.021236
0 0.310231 0.636100 0.059406 0.040541
0 0.359736 0.628378 0.039604 0.025097
0 0.396040 0.628378 0.026403 0.021236
0 0.390264 0.607143 0.070957 0.025097
0 0.468647 0.596525 0.046205 0.038610
0 0.527228 0.591699 0.057756 0.032819
0 0.584983 0.588803 0.051155 0.034749
0 0.596535 0.545367 0.031353 0.044402
0 0.568482 0.498069 0.028053 0.050193
0 0.516502 0.531853 0.026403 0.055985
0 0.557756 0.544402 0.049505 0.027027
0 0.429868 0.536680 0.024752 0.050193
0 0.466172 0.509653 0.067657 0.038610
0 0.525578 0.482625 0.051155 0.038610
0 0.529703 0.442085 0.049505 0.034749
0 0.108086 0.344595 0.090759 0.044402
0 0.089934 0.441120 0.054455 0.071429
0 0.023927 0.445946 0.034653 0.054054
0 0.151815 0.422780 0.056106 0.081081
0 0.197195 0.496139 0.051155 0.084942
0 0.165842 0.508687 0.054455 0.090734
0 0.094059 0.529923 0.036304 0.090734
0 0.130363 0.549228 0.056106 0.044402
0 0.129538 0.592664 0.041254 0.050193
0 0.082508 0.594595 0.049505 0.042471
0 0.157591 0.654440 0.034653 0.057915
0 0.109736 0.684363 0.054455 0.044402
0 0.042079 0.602317 0.024752 0.023166
0 0.045380 0.633205 0.031353 0.034749
0 0.053630 0.667954 0.037954 0.038610
0 0.053630 0.701737 0.034653 0.021236
0 0.206271 0.594595 0.039604 0.030888
0 0.211221 0.626448 0.066007 0.044402
0 0.244224 0.658301 0.033003 0.027027
0 0.310231 0.561776 0.069307 0.030888
0 0.337459 0.591699 0.021452 0.036680
0 0.297855 0.422780 0.024752 0.077220
0 0.402640 0.416023 0.052805 0.040541
0 0.416667 0.481660 0.054455 0.021236
0 0.373762 0.501931 0.034653 0.015444
0 0.356436 0.542471 0.023102 0.057915
0 0.333333 0.436293 0.049505 0.069498
0 0.462046 0.391892 0.066007 0.030888
0 0.462871 0.429537 0.037954 0.044402
0 0.631188 0.427606 0.034653 0.044402
0 0.599835 0.428571 0.021452 0.050193
0 0.628713 0.487452 0.029703 0.055985
0 0.651815 0.521236 0.036304 0.034749
0 0.667492 0.473938 0.034653 0.028958
0 0.677393 0.427606 0.044554 0.044402
0 0.719472 0.340734 0.039604 0.079151
0 0.737624 0.225869 0.059406 0.034749
0 0.753300 0.100386 0.047855 0.023166
0 0.750825 0.185328 0.042904 0.023166
0 0.723597 0.271236 0.018152 0.032819
0 0.770627 0.346525 0.059406 0.028958
0 0.796205 0.454633 0.037954 0.079151
0 0.707096 0.472973 0.028053 0.050193
0 0.698845 0.527027 0.037954 0.050193
0 0.789604 0.541506 0.037954 0.094595
0 0.717822 0.561776 0.023102 0.050193
0 0.919967 0.976834 0.064356 0.046332
0 0.752475 0.009653 0.066007 0.015444
0 0.471122 0.006757 0.024752 0.009653
