0 0.027818 0.106655 0.032211 0.121160
0 0.017570 0.176621 0.032211 0.025597
0 0.166179 0.015358 0.062958 0.027304
0 0.207174 0.046928 0.036603 0.090444
0 0.251830 0.016212 0.055637 0.029010
0 0.294290 0.059727 0.038067 0.098976
0 0.165447 0.100683 0.070278 0.047782
0 0.264275 0.133106 0.042460 0.030717
0 0.142753 0.173208 0.045388 0.029010
0 0.181552 0.177474 0.023426 0.023891
0 0.265007 0.171502 0.058565 0.032423
0 0.360908 0.149317 0.098097 0.046075
0 0.372621 0.059727 0.039531 0.030717
0 0.420937 0.029863 0.039531 0.056314
0 0.412884 0.089590 0.029283 0.059727
0 0.456808 0.099829 0.055637 0.059727
0 0.568082 0.122014 0.032211 0.087031
0 0.579795 0.033276 0.040996 0.042662
0 0.659590 0.016212 0.098097 0.029010
0 0.695461 0.094710 0.052709 0.124573
0 0.737189 0.098123 0.045388 0.083618
0 0.816252 0.131399 0.054173 0.078498
0 0.828697 0.076792 0.046852 0.040956
0 0.887262 0.046075 0.029283 0.051195
0 0.938507 0.100683 0.102489 0.068259
0 0.990483 0.024744 0.019034 0.046075
0 0.012445 0.292662 0.021962 0.063140
0 0.016105 0.354949 0.029283 0.058020
0 0.142753 0.267918 0.092240 0.037543
0 0.140556 0.320819 0.090776 0.058020
0 0.141288 0.363481 0.089312 0.030717
0 0.202050 0.295222 0.029283 0.068259
0 0.245974 0.274744 0.061493 0.037543
0 0.382870 0.284983 0.045388 0.095563
0 0.431186 0.238055 0.039531 0.029010
0 0.445827 0.271331 0.065886 0.034130
0 0.497072 0.252560 0.030747 0.034130
0 0.435578 0.334471 0.065886 0.047782
0 0.487555 0.321672 0.046852 0.066553
0 0.293558 0.377986 0.083455 0.056314
0 0.214495 0.369454 0.042460 0.066553
0 0.237921 0.424915 0.062958 0.064846
0 0.262811 0.459044 0.042460 0.040956
0 0.294290 0.446246 0.035139 0.035836
0 0.211567 0.480375 0.039531 0.049488
0 0.163982 0.574232 0.070278 0.052901
0 0.235725 0.524744 0.035139 0.029010
0 0.236457 0.568259 0.042460 0.054608
0 0.338946 0.452218 0.062958 0.116041
0 0.319180 0.558020 0.049780 0.105802
0 0.100293 0.624573 0.039531 0.088737
0 0.016837 0.644198 0.030747 0.107509
0 0.014641 0.776451 0.026354 0.153584
0 0.096633 0.740614 0.040996 0.068259
0 0.104685 0.796928 0.036603 0.034130
0 0.081259 0.848976 0.030747 0.059727
0 0.120059 0.881399 0.049780 0.029010
0 0.101757 0.941126 0.092240 0.110922
0 0.166179 0.957338 0.036603 0.044369
0 0.340410 0.969283 0.039531 0.061433
0 0.229868 0.974403 0.029283 0.044369
0 0.568082 0.975256 0.067350 0.049488
0 0.450220 0.988908 0.036603 0.022184
0 0.445827 0.933447 0.057101 0.054608
0 0.456808 0.885666 0.052709 0.034130
0 0.737189 0.927474 0.071742 0.059727
0 0.813324 0.938567 0.068814 0.058020
0 0.873353 0.962457 0.033675 0.075085
0 0.948755 0.955631 0.064422 0.047782
0 0.960469 0.911263 0.049780 0.068259
0 0.975110 0.821672 0.032211 0.063140
0 0.927526 0.840444 0.060029 0.022184
0 0.883602 0.805461 0.024890 0.064846
0 0.909224 0.742321 0.073206 0.047782
0 0.772328 0.864334 0.077599 0.052901
0 0.806003 0.777304 0.030747 0.066553
0 0.845534 0.712457 0.057101 0.042662
0 0.857980 0.651024 0.043924 0.069966
0 0.719619 0.677474 0.045388 0.068259
0 0.562225 0.819113 0.052709 0.071672
0 0.626647 0.837884 0.064422 0.027304
0 0.670571 0.796928 0.032211 0.088737
0 0.643485 0.728669 0.077599 0.058020
0 0.576135 0.740614 0.060029 0.071672
0 0.164714 0.858362 0.039531 0.054608
0 0.163982 0.813140 0.079063 0.059727
0 0.174963 0.732935 0.106881 0.127986
0 0.197657 0.639078 0.043924 0.066553
0 0.320644 0.750853 0.046852 0.095563
0 0.294290 0.842150 0.049780 0.056314
0 0.408492 0.685154 0.064422 0.059727
0 0.469253 0.673208 0.039531 0.049488
0 0.428258 0.465870 0.101025 0.136519
0 0.485359 0.418942 0.051245 0.049488
0 0.564422 0.507679 0.036603 0.076792
0 0.652269 0.476962 0.042460 0.069966
0 0.703514 0.466724 0.042460 0.124573
0 0.773060 0.467577 0.067350 0.109215
0 0.827233 0.543515 0.058565 0.046075
0 0.861640 0.529863 0.027818 0.076792
0 0.836750 0.454778 0.071742 0.063140
0 0.870425 0.425768 0.074671 0.063140
0 0.807467 0.407850 0.033675 0.030717
0 0.971449 0.335324 0.057101 0.110922
0 0.796486 0.353242 0.046852 0.064846
0 0.665447 0.414676 0.039531 0.054608
0 0.584919 0.449659 0.071742 0.046075
0 0.575403 0.377986 0.046852 0.097270
0 0.568814 0.300341 0.024890 0.054608
0 0.604685 0.273891 0.052709 0.039249
0 0.688141 0.265358 0.023426 0.056314
0 0.672767 0.341297 0.045388 0.061433
0 0.723280 0.353242 0.032211 0.027304
0 0.724012 0.260239 0.036603 0.066553
0 0.781845 0.265358 0.049780 0.080205
0 0.822108 0.267065 0.045388 0.073379
0 0.877013 0.240614 0.038067 0.027304
0 0.986091 0.531570 0.024890 0.063140
0 0.457540 0.790956 0.062958 0.039249
