0 0.070937 0.057471 0.050964 0.022989
0 0.123278 0.065681 0.045455 0.045977
0 0.216253 0.055008 0.038567 0.064039
0 0.281680 0.045156 0.045455 0.037767
0 0.334022 0.041051 0.034435 0.036125
0 0.406336 0.036946 0.030303 0.044335
0 0.376033 0.072250 0.013774 0.022989
0 0.284435 0.089491 0.039945 0.024631
0 0.050275 0.102627 0.031680 0.044335
0 0.066804 0.188834 0.050964 0.032841
0 0.075758 0.224959 0.055096 0.032841
0 0.063361 0.279967 0.024793 0.037767
0 0.101928 0.279146 0.019284 0.075534
0 0.214876 0.233169 0.030303 0.114943
0 0.211433 0.299672 0.031680 0.018062
0 0.258264 0.238916 0.037190 0.116585
0 0.216942 0.155172 0.039945 0.044335
0 0.311983 0.188013 0.031680 0.031199
0 0.376722 0.262726 0.020661 0.088670
0 0.415289 0.183908 0.059229 0.045977
0 0.516529 0.249589 0.033058 0.052545
0 0.548898 0.183908 0.039945 0.032841
0 0.597107 0.225780 0.037190 0.146141
0 0.099174 0.394910 0.024793 0.057471
0 0.125344 0.381773 0.022039 0.031199
0 0.176997 0.366174 0.067493 0.026273
0 0.192149 0.395731 0.042700 0.026273
0 0.237603 0.389163 0.042700 0.029557
0 0.284435 0.368637 0.034435 0.027915
0 0.129477 0.429392 0.027548 0.041051
0 0.092287 0.521346 0.066116 0.034483
0 0.066116 0.614122 0.016529 0.036125
0 0.067493 0.571429 0.013774 0.029557
0 0.101240 0.626437 0.037190 0.027915
0 0.166667 0.527094 0.085399 0.036125
0 0.256198 0.622332 0.033058 0.039409
0 0.221763 0.592775 0.019284 0.055829
0 0.289256 0.532841 0.030303 0.057471
0 0.292011 0.469622 0.024793 0.059113
0 0.407025 0.430213 0.064738 0.059113
0 0.433196 0.373563 0.039945 0.044335
0 0.541322 0.405583 0.024793 0.055829
0 0.586088 0.380131 0.028926 0.044335
0 0.622590 0.359606 0.044077 0.032841
0 0.670799 0.368637 0.024793 0.034483
0 0.667355 0.407225 0.023416 0.042693
0 0.705234 0.362069 0.046832 0.034483
0 0.739669 0.362069 0.016529 0.034483
0 0.769972 0.339080 0.033058 0.027915
0 0.765152 0.410509 0.037190 0.108374
0 0.798898 0.422824 0.024793 0.034483
0 0.725895 0.425287 0.030303 0.042693
0 0.727273 0.391626 0.024793 0.031199
0 0.690083 0.448276 0.035813 0.016420
0 0.719008 0.518883 0.041322 0.114943
0 0.679752 0.281609 0.048209 0.031199
0 0.684573 0.165846 0.033058 0.039409
0 0.714187 0.179803 0.028926 0.050903
0 0.670799 0.047619 0.016529 0.045977
0 0.695592 0.010673 0.044077 0.018062
0 0.716253 0.047619 0.011019 0.029557
0 0.754821 0.077176 0.016529 0.042693
0 0.790634 0.022989 0.024793 0.019704
0 0.835399 0.068144 0.020661 0.047619
0 0.838843 0.108374 0.011019 0.022989
0 0.770661 0.184729 0.031680 0.064039
0 0.769972 0.251232 0.035813 0.072250
0 0.816116 0.147783 0.034435 0.016420
0 0.900826 0.059113 0.046832 0.026273
0 0.932507 0.091133 0.016529 0.021346
0 0.935950 0.114943 0.017906 0.022989
0 0.937328 0.146141 0.028926 0.036125
0 0.920799 0.183087 0.037190 0.024631
0 0.931129 0.221675 0.022039 0.036125
0 0.991047 0.067323 0.017906 0.022989
0 0.988981 0.101806 0.022039 0.039409
0 0.988292 0.140394 0.023416 0.031199
0 0.990358 0.174877 0.019284 0.024631
0 0.990358 0.222496 0.019284 0.037767
0 0.995179 0.196223 0.006887 0.014778
0 0.990358 0.262726 0.019284 0.032841
0 0.832645 0.346470 0.017906 0.016420
0 0.863636 0.341544 0.022039 0.032841
0 0.890496 0.344828 0.023416 0.032841
0 0.914601 0.385878 0.057851 0.026273
0 0.900826 0.439245 0.022039 0.067323
0 0.992424 0.417077 0.015152 0.045977
0 0.991736 0.454844 0.016529 0.026273
0 0.836088 0.489327 0.052342 0.029557
0 0.930441 0.513957 0.026171 0.062397
0 0.891873 0.495074 0.050964 0.041051
0 0.808540 0.524631 0.022039 0.037767
0 0.813361 0.557471 0.034435 0.031199
0 0.847796 0.541051 0.026171 0.070608
0 0.817493 0.592775 0.064738 0.049261
0 0.872590 0.605090 0.045455 0.037767
0 0.943526 0.586207 0.049587 0.055829
0 0.909091 0.610016 0.022039 0.031199
0 0.534435 0.485222 0.016529 0.041051
0 0.570248 0.483580 0.049587 0.044335
0 0.609504 0.444992 0.026171 0.036125
0 0.604683 0.509852 0.022039 0.087028
0 0.572314 0.557471 0.056474 0.050903
0 0.629477 0.555829 0.027548 0.014778
0 0.203168 0.633826 0.023416 0.019704
0 0.199036 0.566502 0.015152 0.022989
0 0.121901 0.762726 0.017906 0.070608
0 0.145317 0.775041 0.020661 0.108374
0 0.106749 0.811987 0.053719 0.031199
0 0.084022 0.849754 0.016529 0.041051
0 0.083333 0.890805 0.017906 0.037767
0 0.115014 0.844007 0.037190 0.032841
0 0.156336 0.848112 0.045455 0.034483
0 0.201102 0.850575 0.044077 0.039409
0 0.238981 0.860427 0.023416 0.032841
0 0.280992 0.884236 0.071625 0.070608
0 0.267218 0.821839 0.085399 0.024631
0 0.295455 0.844828 0.048209 0.018062
0 0.256887 0.842365 0.017906 0.009852
0 0.305785 0.747947 0.027548 0.087028
0 0.235537 0.766831 0.024793 0.062397
0 0.272727 0.779146 0.022039 0.024631
0 0.111570 0.895731 0.035813 0.027915
0 0.121212 0.934319 0.024793 0.045977
0 0.110193 0.973727 0.052342 0.022989
0 0.183196 0.960591 0.093664 0.029557
0 0.205923 0.981938 0.015152 0.019704
0 0.289945 0.974548 0.056474 0.034483
0 0.359504 0.963054 0.035813 0.027915
0 0.390496 0.963054 0.012397 0.018062
0 0.402204 0.939245 0.011019 0.049261
0 0.423554 0.935140 0.017906 0.044335
0 0.431818 0.967159 0.034435 0.019704
0 0.449725 0.932677 0.015152 0.042693
0 0.493113 0.937603 0.035813 0.062397
0 0.519972 0.896552 0.020661 0.045977
0 0.581267 0.886700 0.022039 0.039409
0 0.582645 0.839080 0.022039 0.045977
0 0.515840 0.839080 0.020661 0.042693
0 0.485537 0.830870 0.037190 0.029557
0 0.360193 0.834154 0.039945 0.026273
0 0.398760 0.838259 0.023416 0.047619
0 0.422865 0.840722 0.022039 0.045977
0 0.428375 0.887521 0.019284 0.044335
0 0.404270 0.886700 0.015152 0.052545
0 0.330579 0.938424 0.024793 0.060755
0 0.329201 0.884236 0.022039 0.047619
0 0.365014 0.887521 0.024793 0.044335
0 0.636364 0.875205 0.082645 0.036125
0 0.767906 0.917898 0.026171 0.075534
0 0.805096 0.932677 0.039945 0.039409
0 0.865014 0.942529 0.077135 0.036125
0 0.920110 0.880952 0.035813 0.083744
0 0.956612 0.912972 0.031680 0.032841
0 0.958678 0.939245 0.022039 0.019704
0 0.920799 0.941708 0.039945 0.031199
0 0.913912 0.809524 0.061983 0.029557
0 0.814738 0.827586 0.034435 0.078818
0 0.776860 0.853859 0.033058 0.026273
0 0.749311 0.826765 0.030303 0.070608
0 0.783058 0.788998 0.034435 0.021346
0 0.869146 0.775862 0.024793 0.027915
0 0.847107 0.766010 0.024793 0.021346
0 0.747245 0.743021 0.015152 0.034483
0 0.945592 0.733169 0.023416 0.044335
0 0.926309 0.767652 0.053719 0.037767
0 0.864325 0.723317 0.042700 0.077176
0 0.892562 0.723317 0.052342 0.096880
0 0.932507 0.680624 0.057851 0.057471
0 0.820248 0.670772 0.075758 0.041051
0 0.814050 0.716749 0.030303 0.044335
0 0.568182 0.687192 0.020661 0.057471
0 0.596419 0.667488 0.024793 0.031199
0 0.623967 0.672414 0.027548 0.031199
0 0.652893 0.711823 0.027548 0.106732
0 0.690083 0.711002 0.041322 0.108374
0 0.725207 0.715107 0.023416 0.110016
0 0.595730 0.734811 0.028926 0.103448
0 0.568871 0.739737 0.016529 0.041051
0 0.623967 0.779146 0.030303 0.024631
0 0.675620 0.779967 0.028926 0.026273
0 0.707989 0.783251 0.030303 0.026273
0 0.719697 0.821839 0.023416 0.054187
