0 0.154545 0.155102 0.074747 0.073469
0 0.269697 0.260204 0.070707 0.095918
0 0.111111 0.252041 0.040404 0.063265
0 0.538384 0.176531 0.074747 0.034694
0 0.714141 0.083673 0.078788 0.036735
0 0.841414 0.091837 0.026263 0.065306
0 0.845455 0.051020 0.034343 0.016327
0 0.815152 0.065306 0.018182 0.048980
0 0.773737 0.068367 0.044444 0.026531
0 0.803030 0.123469 0.034343 0.051020
0 0.901010 0.162245 0.088889 0.042857
0 0.534343 0.251020 0.054545 0.032653
0 0.601010 0.282653 0.050505 0.108163
0 0.539394 0.305102 0.052525 0.051020
0 0.685859 0.140816 0.026263 0.024490
0 0.608081 0.077551 0.020202 0.024490
0 0.559596 0.119388 0.016162 0.030612
0 0.690909 0.114286 0.032323 0.028571
0 0.738384 0.118367 0.034343 0.028571
0 0.724242 0.180612 0.042424 0.055102
0 0.697980 0.246939 0.054545 0.020408
0 0.750505 0.219388 0.070707 0.022449
0 0.802020 0.188776 0.032323 0.071429
0 0.931313 0.233673 0.032323 0.034694
0 0.964646 0.237755 0.026263 0.022449
0 0.105051 0.446939 0.157576 0.069388
0 0.160606 0.610204 0.034343 0.069388
0 0.173737 0.791837 0.036364 0.044898
0 0.195960 0.882653 0.072727 0.038776
0 0.144444 0.972449 0.026263 0.055102
0 0.254545 0.893878 0.024242 0.040816
0 0.361616 0.974490 0.068687 0.038776
0 0.521212 0.921429 0.048485 0.030612
0 0.519192 0.952041 0.040404 0.018367
0 0.614141 0.926531 0.032323 0.081633
0 0.705051 0.974490 0.044444 0.022449
0 0.692929 0.942857 0.028283 0.032653
0 0.856566 0.964286 0.028283 0.034694
0 0.888889 0.963265 0.024242 0.028571
0 0.973737 0.878571 0.020202 0.051020
0 0.725253 0.853061 0.056566 0.032653
0 0.677778 0.859184 0.038384 0.024490
0 0.640404 0.819388 0.024242 0.022449
0 0.604040 0.860204 0.024242 0.014286
0 0.643434 0.850000 0.026263 0.042857
0 0.448485 0.878571 0.101010 0.042857
0 0.372727 0.874490 0.046465 0.026531
0 0.366667 0.813265 0.030303 0.042857
0 0.330303 0.779592 0.022222 0.048980
0 0.280808 0.763265 0.024242 0.061224
0 0.421212 0.759184 0.014141 0.061224
0 0.440404 0.807143 0.012121 0.022449
0 0.460606 0.784694 0.024242 0.018367
0 0.520202 0.762245 0.038384 0.051020
0 0.606061 0.738776 0.044444 0.016327
0 0.605051 0.778571 0.034343 0.018367
0 0.701010 0.743878 0.088889 0.034694
0 0.739394 0.794898 0.032323 0.079592
0 0.696970 0.821429 0.028283 0.026531
0 0.701010 0.779592 0.024242 0.028571
0 0.777778 0.741837 0.060606 0.038776
0 0.847475 0.737755 0.054545 0.038776
0 0.863636 0.802041 0.034343 0.024490
0 0.927273 0.784694 0.036364 0.018367
0 0.970707 0.781633 0.030303 0.048980
0 0.864646 0.832653 0.032323 0.028571
0 0.888889 0.857143 0.024242 0.024490
0 0.967677 0.827551 0.040404 0.030612
0 0.984848 0.717347 0.014141 0.018367
0 0.989899 0.746939 0.020202 0.016327
0 0.984848 0.976531 0.030303 0.014286
0 0.249495 0.498980 0.066667 0.042857
0 0.186869 0.551020 0.066667 0.032653
0 0.306061 0.668367 0.050505 0.022449
0 0.374747 0.598980 0.038384 0.055102
0 0.316162 0.568367 0.058586 0.030612
0 0.595960 0.652041 0.052525 0.038776
0 0.721212 0.628571 0.032323 0.077551
0 0.684848 0.636735 0.020202 0.024490
0 0.655556 0.572449 0.030303 0.087755
0 0.727273 0.547959 0.072727 0.038776
0 0.767677 0.528571 0.028283 0.020408
0 0.774747 0.597959 0.010101 0.020408
0 0.981818 0.575510 0.028283 0.126531
0 0.946465 0.610204 0.026263 0.040816
0 0.930303 0.542857 0.082828 0.032653
0 0.842424 0.532653 0.052525 0.028571
0 0.878788 0.527551 0.024242 0.018367
0 0.883838 0.498980 0.042424 0.038776
0 0.875758 0.467347 0.038384 0.032653
0 0.897980 0.427551 0.014141 0.034694
0 0.956566 0.490816 0.034343 0.030612
0 0.981818 0.388776 0.028283 0.034694
0 0.992929 0.429592 0.014141 0.014286
0 0.876768 0.385714 0.048485 0.024490
0 0.797980 0.386735 0.064646 0.034694
0 0.679798 0.418367 0.030303 0.069388
0 0.584848 0.416327 0.022222 0.061224
0 0.566667 0.456122 0.014141 0.042857
0 0.535354 0.501020 0.060606 0.026531
0 0.467677 0.496939 0.050505 0.063265
0 0.492929 0.400000 0.040404 0.020408
0 0.092929 0.671429 0.088889 0.020408
