0 0.053834 0.042414 0.061990 0.058728
0 0.225938 0.059543 0.076672 0.073409
0 0.299347 0.066884 0.083197 0.081566
0 0.250408 0.119902 0.076672 0.083197
0 0.322186 0.147635 0.076672 0.073409
0 0.252855 0.183524 0.039152 0.040783
0 0.297716 0.206362 0.066884 0.070147
0 0.257749 0.216150 0.022838 0.027732
0 0.032626 0.092985 0.061990 0.061990
0 0.094617 0.162316 0.071778 0.099511
0 0.021207 0.242251 0.039152 0.060359
0 0.026101 0.290375 0.045677 0.042414
0 0.084013 0.247145 0.057096 0.063622
0 0.144372 0.209625 0.050571 0.053834
0 0.124796 0.282219 0.060359 0.097879
0 0.190049 0.254486 0.060359 0.075041
0 0.218597 0.311582 0.048940 0.065253
0 0.554649 0.038336 0.088091 0.057096
0 0.552202 0.139478 0.083197 0.047308
0 0.615824 0.110114 0.066884 0.070147
0 0.611746 0.203100 0.061990 0.047308
0 0.544046 0.202284 0.092985 0.048940
0 0.440457 0.216150 0.052202 0.044046
0 0.394780 0.236542 0.039152 0.039152
0 0.370310 0.289560 0.065253 0.070147
0 0.431485 0.268352 0.047308 0.053834
0 0.450245 0.284666 0.022838 0.044046
0 0.472268 0.304241 0.044046 0.050571
0 0.494290 0.266721 0.058728 0.044046
0 0.517945 0.327896 0.044046 0.029364
0 0.547308 0.286297 0.053834 0.092985
0 0.594617 0.258564 0.053834 0.060359
0 0.634584 0.216150 0.045677 0.050571
0 0.678630 0.205546 0.045677 0.045677
0 0.709625 0.241436 0.055465 0.055465
0 0.666395 0.287928 0.037520 0.037520
0 0.632953 0.301794 0.029364 0.029364
0 0.641925 0.334421 0.066884 0.035889
0 0.690865 0.317292 0.030995 0.073409
0 0.767537 0.372757 0.040783 0.044046
0 0.785481 0.423328 0.040783 0.044046
0 0.350734 0.349918 0.068515 0.053834
0 0.420881 0.327896 0.032626 0.039152
0 0.401305 0.365416 0.035889 0.042414
0 0.433116 0.383361 0.047308 0.055465
0 0.475530 0.402936 0.063622 0.058728
0 0.515498 0.426591 0.029364 0.037520
0 0.358891 0.400489 0.075041 0.060359
0 0.469005 0.456770 0.086460 0.058728
0 0.544861 0.451876 0.048940 0.045677
0 0.589723 0.461664 0.057096 0.032626
0 0.554649 0.405383 0.045677 0.040783
0 0.653344 0.367047 0.053834 0.035889
0 0.703100 0.380914 0.032626 0.060359
0 0.668026 0.432300 0.027732 0.081566
0 0.636215 0.464927 0.035889 0.026101
0 0.719413 0.438010 0.055465 0.027732
0 0.761011 0.438825 0.027732 0.035889
0 0.812398 0.460848 0.042414 0.034258
0 0.832790 0.491028 0.053834 0.058728
0 0.738989 0.491843 0.035889 0.066884
0 0.738173 0.532626 0.034258 0.017945
0 0.742251 0.556281 0.052202 0.039152
0 0.735726 0.593801 0.039152 0.022838
0 0.792007 0.517129 0.050571 0.052202
0 0.859706 0.545677 0.048940 0.047308
0 0.803426 0.575041 0.070147 0.060359
0 0.853997 0.595432 0.106036 0.055465
0 0.836868 0.624796 0.026101 0.026101
0 0.781403 0.629690 0.035889 0.039152
0 0.735726 0.649266 0.058728 0.048940
0 0.695759 0.560359 0.024470 0.044046
0 0.706362 0.610930 0.026101 0.053834
0 0.642741 0.500000 0.061990 0.030995
0 0.043230 0.336052 0.053834 0.039152
0 0.074225 0.358075 0.021207 0.037520
0 0.093801 0.384176 0.053834 0.089723
0 0.129690 0.382545 0.063622 0.089723
0 0.191680 0.380914 0.053834 0.079935
0 0.110114 0.444535 0.030995 0.044046
0 0.029364 0.380098 0.055465 0.045677
0 0.035889 0.434747 0.042414 0.060359
0 0.031811 0.517129 0.060359 0.104405
0 0.049755 0.544046 0.040783 0.060359
0 0.073409 0.477977 0.035889 0.081566
0 0.118271 0.499184 0.047308 0.055465
0 0.150897 0.442088 0.050571 0.071778
0 0.274062 0.457586 0.052202 0.070147
0 0.292007 0.558728 0.071778 0.037520
0 0.282219 0.608483 0.029364 0.052202
0 0.194127 0.560359 0.048940 0.037520
0 0.244698 0.530179 0.058728 0.039152
0 0.285481 0.510604 0.026101 0.026101
0 0.331974 0.643556 0.063622 0.027732
0 0.290375 0.680261 0.042414 0.039152
0 0.163948 0.703100 0.037520 0.107667
0 0.104405 0.685155 0.052202 0.068515
0 0.166395 0.624796 0.042414 0.048940
0 0.243883 0.723491 0.050571 0.037520
0 0.293638 0.765090 0.045677 0.068515
0 0.379282 0.715334 0.102773 0.060359
0 0.392333 0.746330 0.027732 0.024470
0 0.438825 0.761827 0.055465 0.068515
0 0.326264 0.796900 0.022838 0.014682
0 0.336052 0.829527 0.061990 0.024470
0 0.409462 0.829527 0.081566 0.057096
0 0.187602 0.764274 0.035889 0.044046
0 0.201468 0.811582 0.066884 0.063622
0 0.117455 0.811582 0.052202 0.109299
0 0.149266 0.836052 0.050571 0.066884
0 0.075041 0.803426 0.048940 0.037520
0 0.020392 0.811582 0.034258 0.053834
0 0.031811 0.840946 0.037520 0.050571
0 0.057096 0.870310 0.039152 0.024470
0 0.092985 0.877651 0.022838 0.022838
0 0.123165 0.887439 0.024470 0.032626
0 0.070962 0.914356 0.079935 0.063622
0 0.116639 0.941272 0.030995 0.026101
0 0.181892 0.911909 0.070147 0.045677
0 0.242251 0.914356 0.040783 0.044046
0 0.264274 0.870310 0.029364 0.044046
0 0.278140 0.822186 0.024470 0.032626
0 0.423328 0.913540 0.037520 0.029364
0 0.462480 0.903752 0.044046 0.045677
0 0.509788 0.911909 0.047308 0.065253
0 0.530995 0.962480 0.037520 0.035889
0 0.433931 0.958401 0.045677 0.030995
0 0.369494 0.981240 0.030995 0.037520
0 0.410277 0.975530 0.040783 0.029364
0 0.460848 0.989396 0.063622 0.021207
0 0.614192 0.947798 0.070147 0.042414
0 0.623165 0.978793 0.045677 0.042414
0 0.589723 0.890701 0.044046 0.042414
0 0.585644 0.849103 0.035889 0.034258
0 0.611746 0.833605 0.022838 0.029364
0 0.646819 0.868679 0.037520 0.057096
0 0.622349 0.912724 0.070147 0.027732
0 0.721860 0.841762 0.057096 0.045677
0 0.772431 0.863785 0.060359 0.040783
0 0.670473 0.809135 0.029364 0.029364
0 0.710440 0.785481 0.053834 0.066884
0 0.855628 0.713703 0.079935 0.070147
0 0.917618 0.707993 0.034258 0.042414
0 0.948613 0.725938 0.050571 0.052202
0 0.860522 0.765090 0.040783 0.022838
0 0.832790 0.857259 0.047308 0.066884
0 0.853997 0.968189 0.070147 0.044046
0 0.857259 0.894780 0.050571 0.040783
0 0.898858 0.834421 0.042414 0.037520
0 0.917618 0.805057 0.047308 0.037520
0 0.924959 0.491028 0.052202 0.084829
0 0.978793 0.519576 0.042414 0.044046
0 0.906199 0.446166 0.034258 0.030995
0 0.869494 0.340131 0.048940 0.053834
0 0.871941 0.386623 0.027732 0.042414
0 0.948613 0.358891 0.040783 0.042414
0 0.968189 0.426591 0.060359 0.109299
0 0.948613 0.305057 0.073409 0.061990
0 0.981240 0.343393 0.037520 0.050571
0 0.972268 0.257749 0.032626 0.045677
0 0.941272 0.253670 0.042414 0.047308
0 0.916803 0.216966 0.061990 0.097879
0 0.827080 0.271615 0.045677 0.037520
0 0.788744 0.232463 0.047308 0.060359
0 0.787928 0.173736 0.042414 0.037520
0 0.839315 0.163132 0.060359 0.048940
0 0.870310 0.123165 0.089723 0.047308
0 0.958401 0.144372 0.053834 0.044046
0 0.911909 0.050571 0.117455 0.097879
0 0.964111 0.030179 0.061990 0.053834
0 0.978793 0.079935 0.042414 0.048940
0 0.771615 0.036705 0.068515 0.070147
0 0.763458 0.088907 0.058728 0.040783
0 0.711256 0.092170 0.048940 0.060359
0 0.712887 0.014682 0.042414 0.026101
